     656.2999999999999545       0.9383125860479108
     656.3002002002001518       0.9620025686983259
     656.3004004004003491       1.0886831279076095
     656.3006006006005464       0.9297924559964614
     656.3008008008007437       1.0070532719270693
     656.3010010010009410       0.9392252263205338
     656.3012012012011382       0.9111358665762719
     656.3014014014013355       1.0597525609920009
     656.3016016016015328       1.0119102468073624
     656.3018018018017301       0.9984538705795737
     656.3020020020019274       0.9290632656157495
     656.3022022022021247       0.9582800121222419
     656.3024024024023220       0.9372116242902491
     656.3026026026025193       0.9685607494049741
     656.3028028028027165       0.9711269832044706
     656.3030030030029138       0.9834201637953580
     656.3032032032031111       0.9981608530271019
     656.3034034034033084       1.0380924201607282
     656.3036036036035057       0.9414809834261673
     656.3038038038037030       1.0067142325970035
     656.3040040040040140       1.0367488896676251
     656.3042042042042112       1.0334198801420962
     656.3044044044044085       0.9302539195147225
     656.3046046046046058       1.1085229062871949
     656.3048048048048031       0.9062076619333269
     656.3050050050050004       1.0335292569840004
     656.3052052052051977       1.0076376885724039
     656.3054054054053950       0.9943975581423056
     656.3056056056055922       1.0587861191816814
     656.3058058058057895       1.0034460495225908
     656.3060060060059868       1.0005300853563022
     656.3062062062061841       1.0290601155615335
     656.3064064064063814       1.0374283237149919
     656.3066066066065787       1.0166267269497382
     656.3068068068067760       0.9394301601898987
     656.3070070070069733       1.0427018971682975
     656.3072072072071705       1.0406235543771887
     656.3074074074073678       0.9549753279675376
     656.3076076076075651       0.9528361446554701
     656.3078078078077624       1.0255688234284668
     656.3080080080079597       1.0053337039642234
     656.3082082082081570       1.0805266840888068
     656.3084084084083543       1.0306881032358519
     656.3086086086085515       0.9868203036625212
     656.3088088088087488       0.9603700942072294
     656.3090090090089461       0.9980448955990865
     656.3092092092091434       0.9352167889614454
     656.3094094094093407       1.0550196876653473
     656.3096096096095380       1.0170601802994721
     656.3098098098097353       1.0083339801621043
     656.3100100100099326       1.0486355720861391
     656.3102102102101298       0.9589565916001531
     656.3104104104103271       1.0019502618888310
     656.3106106106105244       0.9269291205919472
     656.3108108108107217       1.0761179215251455
     656.3110110110109190       0.9844567913640270
     656.3112112112111163       1.1559066432152436
     656.3114114114113136       0.9721391311663786
     656.3116116116116245       1.0506192390469060
     656.3118118118118218       1.0390937132442337
     656.3120120120120191       1.0595140862319030
     656.3122122122122164       0.8889359855628179
     656.3124124124124137       0.9974206220008021
     656.3126126126126110       1.0528245489243035
     656.3128128128128083       1.0689784316006534
     656.3130130130130055       0.9815449305040003
     656.3132132132132028       1.0141871481528038
     656.3134134134134001       0.8930979348049239
     656.3136136136135974       1.0531118951353604
     656.3138138138137947       0.9749125733392634
     656.3140140140139920       1.0490839637103013
     656.3142142142141893       0.9643689557157457
     656.3144144144143866       0.9578928551380678
     656.3146146146145838       0.9891595271163366
     656.3148148148147811       1.0520892999600391
     656.3150150150149784       1.1359689895733314
     656.3152152152151757       0.9860267292179256
     656.3154154154153730       0.9974505585645684
     656.3156156156155703       0.8727883765684836
     656.3158158158157676       0.9732684717553740
     656.3160160160159649       1.0383741897328238
     656.3162162162161621       0.9681599888027819
     656.3164164164163594       0.9965487923498577
     656.3166166166165567       0.9484320906323850
     656.3168168168167540       1.0170119710931158
     656.3170170170169513       1.0201895949411002
     656.3172172172171486       0.9925539406650924
     656.3174174174173459       1.0547976029542152
     656.3176176176175431       1.0205275254402022
     656.3178178178177404       1.1036247011586631
     656.3180180180179377       0.9689694868470831
     656.3182182182181350       1.0382879443622244
     656.3184184184183323       1.0151150156241076
     656.3186186186185296       0.9588695388064185
     656.3188188188187269       1.0127779610269176
     656.3190190190189242       0.9378164426618797
     656.3192192192191214       1.0016100364023037
     656.3194194194194324       0.9858104362106741
     656.3196196196196297       1.0524553832360157
     656.3198198198198270       1.0170422498849736
     656.3200200200200243       0.8855920988740994
     656.3202202202202216       0.9579183141456986
     656.3204204204204188       0.9297677623138201
     656.3206206206206161       0.9924623434588907
     656.3208208208208134       1.0260239517666219
     656.3210210210210107       0.9839050483367956
     656.3212212212212080       0.9732892651729598
     656.3214214214214053       0.9705939583325972
     656.3216216216216026       1.0786793203254919
     656.3218218218217999       0.9660095783236677
     656.3220220220219971       1.0112659174220622
     656.3222222222221944       0.9614041051087894
     656.3224224224223917       1.0589441496735001
     656.3226226226225890       0.9713818716762135
     656.3228228228227863       0.8938428935115413
     656.3230230230229836       0.9554085626834155
     656.3232232232231809       1.0566363425497864
     656.3234234234233782       0.9642549296428615
     656.3236236236235754       0.9628317032880209
     656.3238238238237727       0.9012250280850163
     656.3240240240239700       0.9742447659931172
     656.3242242242241673       1.0096934226346352
     656.3244244244243646       1.0454295848414481
     656.3246246246245619       0.9511836542617702
     656.3248248248247592       0.8788214779540454
     656.3250250250249564       0.9640150360276547
     656.3252252252251537       0.9782660159752357
     656.3254254254253510       0.9965991074851439
     656.3256256256255483       1.0334090091278774
     656.3258258258257456       1.0444824139449862
     656.3260260260259429       0.9394049840089638
     656.3262262262261402       1.0058063794072121
     656.3264264264263375       0.9693414066936997
     656.3266266266265347       0.8941939076096243
     656.3268268268267320       1.0173009179757631
     656.3270270270270430       1.0011265297860246
     656.3272272272272403       0.9612517145538558
     656.3274274274274376       0.8826354351581275
     656.3276276276276349       0.9805089333079552
     656.3278278278278322       1.0498239026107463
     656.3280280280280294       0.9056260287235842
     656.3282282282282267       1.0093621247949551
     656.3284284284284240       1.0637975815587319
     656.3286286286286213       1.0054404330407516
     656.3288288288288186       1.0647610630543012
     656.3290290290290159       1.0095018045411450
     656.3292292292292132       1.0439134165452311
     656.3294294294294104       1.0452592277758059
     656.3296296296296077       0.9875473721629169
     656.3298298298298050       1.0033090094316908
     656.3300300300300023       1.0385831454969709
     656.3302302302301996       0.9235593836325179
     656.3304304304303969       1.0410717834684826
     656.3306306306305942       0.9513256316631438
     656.3308308308307915       1.0443380929831561
     656.3310310310309887       1.0007087325409474
     656.3312312312311860       0.9663349853791235
     656.3314314314313833       0.9538080901661102
     656.3316316316315806       1.0300021105887933
     656.3318318318317779       1.0687504008940922
     656.3320320320319752       0.9725912710670876
     656.3322322322321725       0.9817193386155977
     656.3324324324323698       1.0388340603457453
     656.3326326326325670       0.9955834607683192
     656.3328328328327643       1.0285651041279662
     656.3330330330329616       1.0267933436927135
     656.3332332332331589       0.9952539226431989
     656.3334334334333562       1.0157831083126729
     656.3336336336335535       1.0527263874679296
     656.3338338338337508       0.9603571560859164
     656.3340340340339480       0.9953210911699161
     656.3342342342341453       0.9971935736645275
     656.3344344344343426       0.9637386204086597
     656.3346346346346536       1.0195597939677574
     656.3348348348348509       1.0961338258678599
     656.3350350350350482       0.9905309765165853
     656.3352352352352455       0.9908397759160044
     656.3354354354354427       1.0137071070344119
     656.3356356356356400       1.0067309629248271
     656.3358358358358373       0.9912371431023159
     656.3360360360360346       1.0276231600815835
     656.3362362362362319       1.0487648106693370
     656.3364364364364292       0.9410408702143815
     656.3366366366366265       0.9131389220369137
     656.3368368368368237       0.9157429340142974
     656.3370370370370210       0.9543388180611292
     656.3372372372372183       1.1074253366586562
     656.3374374374374156       0.9506775971080482
     656.3376376376376129       1.0225815633083981
     656.3378378378378102       0.8920604593958247
     656.3380380380380075       1.0012910832338962
     656.3382382382382048       1.0366914706180281
     656.3384384384384020       1.0098608713031858
     656.3386386386385993       1.0007171367905818
     656.3388388388387966       1.0415196695863549
     656.3390390390389939       0.9381728986123163
     656.3392392392391912       0.9774416055740905
     656.3394394394393885       0.9970898327154429
     656.3396396396395858       0.9773960329683107
     656.3398398398397831       1.0866230171083346
     656.3400400400399803       0.9517338367530154
     656.3402402402401776       1.0002836719561641
     656.3404404404403749       1.0177056159485853
     656.3406406406405722       1.0278410511225851
     656.3408408408407695       1.0123810889858782
     656.3410410410409668       0.9658596510659163
     656.3412412412411641       0.9544508777345825
     656.3414414414413613       1.0037080745661329
     656.3416416416415586       0.9727981470187180
     656.3418418418417559       0.9804777399266290
     656.3420420420419532       0.9930578286041180
     656.3422422422421505       0.9919907648908273
     656.3424424424424615       1.0193055204378876
     656.3426426426426588       0.9696878599773815
     656.3428428428428560       1.0894078940413503
     656.3430430430430533       0.9513921024218608
     656.3432432432432506       0.9574293649398011
     656.3434434434434479       1.0229945769232089
     656.3436436436436452       1.0621227412519607
     656.3438438438438425       1.0556949178886486
     656.3440440440440398       1.0622336718570611
     656.3442442442442371       0.9736721770111916
     656.3444444444444343       1.0259280893355851
     656.3446446446446316       0.9442782157118471
     656.3448448448448289       0.9717294866463003
     656.3450450450450262       0.9646255310640386
     656.3452452452452235       0.9427180163690492
     656.3454454454454208       1.0066071997836881
     656.3456456456456181       1.0740976493747378
     656.3458458458458153       1.0451127868699026
     656.3460460460460126       0.9718319466092076
     656.3462462462462099       0.9915853805355513
     656.3464464464464072       0.9792862666172720
     656.3466466466466045       0.9681678212643073
     656.3468468468468018       0.9975723233411262
     656.3470470470469991       1.0099367016084986
     656.3472472472471964       0.9534879940018500
     656.3474474474473936       0.9482377003041547
     656.3476476476475909       1.0013562523810897
     656.3478478478477882       1.0008906869630354
     656.3480480480479855       1.0102585416140886
     656.3482482482481828       1.0428362459311213
     656.3484484484483801       1.0185627594551354
     656.3486486486485774       0.9434264703921386
     656.3488488488487747       1.0181499989885086
     656.3490490490489719       0.9710969485099334
     656.3492492492491692       0.9944476625794640
     656.3494494494493665       1.0106105741401614
     656.3496496496495638       0.9775117361348371
     656.3498498498497611       0.9439979092793093
     656.3500500500500721       0.8829830208069105
     656.3502502502502693       0.9614335355263038
     656.3504504504504666       1.0273354895487690
     656.3506506506506639       0.9469381208617349
     656.3508508508508612       0.9712331134346941
     656.3510510510510585       0.9872170038285187
     656.3512512512512558       1.0663315577492094
     656.3514514514514531       0.9557862422987508
     656.3516516516516504       0.9779111318069487
     656.3518518518518476       1.0619157943869530
     656.3520520520520449       0.8399164345634411
     656.3522522522522422       0.9071731530907208
     656.3524524524524395       1.0244382882152689
     656.3526526526526368       0.9747847346137568
     656.3528528528528341       0.9915295408183925
     656.3530530530530314       0.8909451139477164
     656.3532532532532286       0.9883052235489903
     656.3534534534534259       0.9845506265458455
     656.3536536536536232       0.9290715742184101
     656.3538538538538205       0.9278267806471425
     656.3540540540540178       0.9972543133876233
     656.3542542542542151       0.9574257115990050
     656.3544544544544124       1.0379429047646505
     656.3546546546546097       1.0500209088382793
     656.3548548548548069       0.8958420525719480
     656.3550550550550042       1.0182329065952516
     656.3552552552552015       1.0367547911842743
     656.3554554554553988       1.0323795793358359
     656.3556556556555961       0.9571189132245445
     656.3558558558557934       1.0202270406520104
     656.3560560560559907       0.9747871397717841
     656.3562562562561880       0.9431439596309387
     656.3564564564563852       0.9373653757822376
     656.3566566566565825       0.9338739434697775
     656.3568568568567798       0.9294576980857192
     656.3570570570569771       1.0923895894885121
     656.3572572572571744       0.8732676387213042
     656.3574574574573717       0.9849584686905338
     656.3576576576575690       1.0467039437601127
     656.3578578578578799       1.0435959196598266
     656.3580580580580772       1.0927242035098423
     656.3582582582582745       1.0262626887313751
     656.3584584584584718       0.9342122016283346
     656.3586586586586691       0.9321382849259601
     656.3588588588588664       0.9744332472182902
     656.3590590590590637       0.9680361385338225
     656.3592592592592609       1.0119184031519759
     656.3594594594594582       0.9897588073214075
     656.3596596596596555       1.0947375713503331
     656.3598598598598528       0.9886733254567834
     656.3600600600600501       0.9724481590803056
     656.3602602602602474       0.9816691173493717
     656.3604604604604447       0.9398516331479185
     656.3606606606606420       0.9987574880532449
     656.3608608608608392       1.0571716741042869
     656.3610610610610365       1.0560893532919819
     656.3612612612612338       0.9050241179091058
     656.3614614614614311       0.9568536505199975
     656.3616616616616284       0.9753290132833677
     656.3618618618618257       1.0259343003135968
     656.3620620620620230       0.9120903019001163
     656.3622622622622202       0.9729655973668655
     656.3624624624624175       0.9879040108610064
     656.3626626626626148       0.9855337217885149
     656.3628628628628121       1.0071156580066667
     656.3630630630630094       1.0462837615937075
     656.3632632632632067       0.9288813852129202
     656.3634634634634040       1.0484852964875060
     656.3636636636636013       0.8471852308821558
     656.3638638638637985       0.9792038663801459
     656.3640640640639958       0.9489697770914447
     656.3642642642641931       0.9537474957860824
     656.3644644644643904       0.9164060519308654
     656.3646646646645877       0.9685308259137075
     656.3648648648647850       0.9469225720250758
     656.3650650650649823       0.9663273145598473
     656.3652652652651796       0.9956226581301301
     656.3654654654654905       0.9735104861066702
     656.3656656656656878       0.8513990045334884
     656.3658658658658851       0.8828931718534130
     656.3660660660660824       0.8933796033778292
     656.3662662662662797       1.0194511520366571
     656.3664664664664770       0.9701371331633227
     656.3666666666666742       0.9122008800118262
     656.3668668668668715       0.9703203104799120
     656.3670670670670688       0.9104119046630064
     656.3672672672672661       0.9406934212960696
     656.3674674674674634       0.9376771596958601
     656.3676676676676607       0.9001369815749994
     656.3678678678678580       0.9440237119412921
     656.3680680680680553       0.8990463397347701
     656.3682682682682525       0.9476357905426626
     656.3684684684684498       1.0135977849550506
     656.3686686686686471       0.9532715875252653
     656.3688688688688444       0.8743293565109094
     656.3690690690690417       0.9686285400840819
     656.3692692692692390       0.9623625868881291
     656.3694694694694363       0.9032570774855558
     656.3696696696696335       1.0456494043920852
     656.3698698698698308       0.9720097532911849
     656.3700700700700281       0.9546071584507220
     656.3702702702702254       0.9597766141625323
     656.3704704704704227       0.8502600110480474
     656.3706706706706200       0.9017227451914879
     656.3708708708708173       0.9789097733362708
     656.3710710710710146       0.9572328304967040
     656.3712712712712118       0.9554038437158002
     656.3714714714714091       0.9006825087581873
     656.3716716716716064       0.8765410673070133
     656.3718718718718037       0.9442634589087420
     656.3720720720720010       0.8037019946408527
     656.3722722722721983       0.9414654414777993
     656.3724724724723956       0.9530022235505550
     656.3726726726725929       0.8813473759005239
     656.3728728728727901       0.8628649943853841
     656.3730730730729874       0.9503690327265373
     656.3732732732732984       0.8539206117059310
     656.3734734734734957       0.9887849626711263
     656.3736736736736930       0.9136279159433222
     656.3738738738738903       0.9235596446720244
     656.3740740740740875       0.8814211608360764
     656.3742742742742848       0.8596407513781665
     656.3744744744744821       0.9401694473563007
     656.3746746746746794       0.8449539915561479
     656.3748748748748767       0.8182712933837433
     656.3750750750750740       0.8211696188291246
     656.3752752752752713       0.8865588015839965
     656.3754754754754686       0.9987624369290324
     656.3756756756756658       0.8955034952378129
     656.3758758758758631       0.8206699984148786
     656.3760760760760604       0.9161117316916022
     656.3762762762762577       0.9185755303330658
     656.3764764764764550       0.9260498431672468
     656.3766766766766523       0.9237331374946275
     656.3768768768768496       0.9452918421817110
     656.3770770770770469       0.8578695194276502
     656.3772772772772441       0.8943801867454736
     656.3774774774774414       0.9049746484485464
     656.3776776776776387       0.8534787874522569
     656.3778778778778360       0.8349911315771851
     656.3780780780780333       0.8661782946607192
     656.3782782782782306       0.8554407092796305
     656.3784784784784279       0.7743266685799358
     656.3786786786786251       0.8859767082956815
     656.3788788788788224       0.7712233970363447
     656.3790790790790197       0.8028204177527354
     656.3792792792792170       0.9054902390521590
     656.3794794794794143       0.8573383939280205
     656.3796796796796116       0.9502422311070673
     656.3798798798798089       0.8835976318752382
     656.3800800800800062       0.7842334172830162
     656.3802802802802034       0.9677244884581422
     656.3804804804804007       0.8979480410355746
     656.3806806806805980       0.8783343168005693
     656.3808808808809090       1.0190281239872183
     656.3810810810811063       0.8654148266737952
     656.3812812812813036       0.7923718608954214
     656.3814814814815009       0.9180664341701422
     656.3816816816816981       0.9353901079993698
     656.3818818818818954       0.7730003126060938
     656.3820820820820927       0.9418495546143840
     656.3822822822822900       0.8847071675371941
     656.3824824824824873       0.9146151783282052
     656.3826826826826846       0.8442740254269842
     656.3828828828828819       0.8514866260582471
     656.3830830830830791       0.8819786256836264
     656.3832832832832764       0.9077569965851549
     656.3834834834834737       0.8869744157362446
     656.3836836836836710       0.7811411391773294
     656.3838838838838683       0.8350078273544941
     656.3840840840840656       0.8620208911191501
     656.3842842842842629       0.8481281300833432
     656.3844844844844602       0.8229348364845135
     656.3846846846846574       0.8009879690434762
     656.3848848848848547       0.8234505247927215
     656.3850850850850520       0.7718763276509373
     656.3852852852852493       0.7524880783882615
     656.3854854854854466       0.8642129600625773
     656.3856856856856439       0.8275990830936529
     656.3858858858858412       0.8664289417926732
     656.3860860860860384       0.8326237897705445
     656.3862862862862357       0.8752464186506455
     656.3864864864864330       0.7824213167789443
     656.3866866866866303       0.8398901289911305
     656.3868868868868276       0.7490170181839069
     656.3870870870870249       0.8601721354136964
     656.3872872872872222       0.8119802675074865
     656.3874874874874195       0.7668632912377801
     656.3876876876876167       0.8100823264718491
     656.3878878878878140       0.8156779511219180
     656.3880880880880113       0.8304514109763222
     656.3882882882882086       0.8648493045883243
     656.3884884884885196       0.8321495117140143
     656.3886886886887169       0.7906770445217783
     656.3888888888889142       0.8509287761381144
     656.3890890890891114       0.8532672697096687
     656.3892892892893087       0.7747955863072502
     656.3894894894895060       0.7591830145975869
     656.3896896896897033       0.8216144785123601
     656.3898898898899006       0.7660229195403483
     656.3900900900900979       0.8199245929287287
     656.3902902902902952       0.7476548788121795
     656.3904904904904924       0.8363922268502165
     656.3906906906906897       0.8099770014720917
     656.3908908908908870       0.8321082978487018
     656.3910910910910843       0.8954066690087097
     656.3912912912912816       0.8795973021796042
     656.3914914914914789       0.8762888651522783
     656.3916916916916762       0.7559875698905548
     656.3918918918918735       0.8148094825803505
     656.3920920920920707       0.8285354436298935
     656.3922922922922680       0.8204015154962627
     656.3924924924924653       0.7903459100184025
     656.3926926926926626       0.8934795547298267
     656.3928928928928599       0.8226607837416207
     656.3930930930930572       0.7907571993303629
     656.3932932932932545       0.8603134607838070
     656.3934934934934518       0.8370040329746722
     656.3936936936936490       0.8559904110129224
     656.3938938938938463       0.8757868913867248
     656.3940940940940436       0.7431396689309759
     656.3942942942942409       0.7049039171792648
     656.3944944944944382       0.8046987105748781
     656.3946946946946355       0.8054707297041744
     656.3948948948948328       0.7964655468270398
     656.3950950950950300       0.7745946201146534
     656.3952952952952273       0.8231513928269423
     656.3954954954954246       0.8683543078596423
     656.3956956956956219       0.8000553224496152
     656.3958958958958192       0.8299821793563775
     656.3960960960960165       0.8230438198523632
     656.3962962962963275       0.8261713664953201
     656.3964964964965247       0.8220372221822370
     656.3966966966967220       0.7339421245471094
     656.3968968968969193       0.8059173696383430
     656.3970970970971166       0.8598878177624998
     656.3972972972973139       0.8106019880423396
     656.3974974974975112       0.8429362415184271
     656.3976976976977085       0.7730543320780836
     656.3978978978979058       0.8273549395381858
     656.3980980980981030       0.7782898726024808
     656.3982982982983003       0.9140691205844991
     656.3984984984984976       0.7925893196253088
     656.3986986986986949       0.8094638366975686
     656.3988988988988922       0.7782993557102780
     656.3990990990990895       0.8116244376612738
     656.3992992992992868       0.7956934084059466
     656.3994994994994840       0.8362481384445490
     656.3996996996996813       0.7900706901640999
     656.3998998998998786       0.7675103685168072
     656.4001001001000759       0.7217699962355377
     656.4003003003002732       0.7591943133022323
     656.4005005005004705       0.8339433177290101
     656.4007007007006678       0.7246203046068649
     656.4009009009008651       0.8115433855401990
     656.4011011011010623       0.8257817253353881
     656.4013013013012596       0.7880139514383563
     656.4015015015014569       0.7471837257886831
     656.4017017017016542       0.8153927127529441
     656.4019019019018515       0.7859753119914290
     656.4021021021020488       0.7502541617249141
     656.4023023023022461       0.7254702649274118
     656.4025025025024433       0.8585126021215963
     656.4027027027026406       0.8546372440737782
     656.4029029029028379       0.8489247162522332
     656.4031031031030352       0.6878235480283177
     656.4033033033032325       0.7594899876147956
     656.4035035035034298       0.8555547688788283
     656.4037037037036271       0.7848221750595132
     656.4039039039039380       0.8295542973441821
     656.4041041041041353       0.8719826646021251
     656.4043043043043326       0.8678575349440554
     656.4045045045045299       0.8498439225800520
     656.4047047047047272       0.8252642064531464
     656.4049049049049245       0.8360923547718107
     656.4051051051051218       0.8648119668044072
     656.4053053053053191       0.8568132397722639
     656.4055055055055163       0.7886008121591155
     656.4057057057057136       0.8278952427128836
     656.4059059059059109       0.7248068240222039
     656.4061061061061082       0.7091869071611652
     656.4063063063063055       0.8836554905028402
     656.4065065065065028       0.7607430066978632
     656.4067067067067001       0.7959905776003016
     656.4069069069068973       0.8424003515778624
     656.4071071071070946       0.8739811480398588
     656.4073073073072919       0.7814360249771735
     656.4075075075074892       0.8477527688658957
     656.4077077077076865       0.9029007392859155
     656.4079079079078838       0.9241670146324017
     656.4081081081080811       0.8312397622787763
     656.4083083083082784       0.8362650545737342
     656.4085085085084756       0.7839447321741829
     656.4087087087086729       0.7824783576622768
     656.4089089089088702       0.8217824848020563
     656.4091091091090675       0.7363787183787618
     656.4093093093092648       0.8155975465804502
     656.4095095095094621       0.8347208377293058
     656.4097097097096594       0.8257299327207406
     656.4099099099098567       0.8855163114273993
     656.4101101101100539       0.8051391969429779
     656.4103103103102512       0.8723035537730497
     656.4105105105104485       0.8568926868105219
     656.4107107107106458       0.8027501520874638
     656.4109109109108431       0.8052423360304719
     656.4111111111110404       0.8160538586097910
     656.4113113113112377       0.8022492009177022
     656.4115115115114349       0.8980034587659789
     656.4117117117117459       0.8296001819480177
     656.4119119119119432       0.8529129686246779
     656.4121121121121405       0.8492095672314982
     656.4123123123123378       0.9240188040299525
     656.4125125125125351       0.8080448024320348
     656.4127127127127324       0.8553802901166639
     656.4129129129129296       0.8525999534149541
     656.4131131131131269       0.8749805673025842
     656.4133133133133242       0.7553584347492579
     656.4135135135135215       0.8085736253018140
     656.4137137137137188       0.8446605892573377
     656.4139139139139161       0.8022280064500134
     656.4141141141141134       0.8197387870946958
     656.4143143143143106       0.7689190769293687
     656.4145145145145079       0.8250187345781013
     656.4147147147147052       0.8928790965316490
     656.4149149149149025       0.8444048185319889
     656.4151151151150998       0.8745196310182425
     656.4153153153152971       0.9176499892174789
     656.4155155155154944       0.9220808945618851
     656.4157157157156917       0.8088405027938188
     656.4159159159158889       0.8386943150302538
     656.4161161161160862       0.8875297623066194
     656.4163163163162835       0.8515993817131261
     656.4165165165164808       0.8853777289207934
     656.4167167167166781       0.8865188367308043
     656.4169169169168754       0.8654888419371438
     656.4171171171170727       0.8601135486085421
     656.4173173173172700       0.9317341816694540
     656.4175175175174672       0.9155675231564653
     656.4177177177176645       0.8142092172229967
     656.4179179179178618       0.8424912415954118
     656.4181181181180591       0.9260576453597341
     656.4183183183182564       0.9014524893671239
     656.4185185185184537       0.8382337570071543
     656.4187187187186510       0.8183751465026450
     656.4189189189188482       0.8773458224613205
     656.4191191191190455       0.9597872953381602
     656.4193193193193565       0.8876753073714254
     656.4195195195195538       0.8325534622065127
     656.4197197197197511       0.9384236260216186
     656.4199199199199484       0.8258669928511986
     656.4201201201201457       0.8915189587003903
     656.4203203203203429       0.9109001728302806
     656.4205205205205402       0.9557073650813019
     656.4207207207207375       0.8783237816579197
     656.4209209209209348       0.8404998114914384
     656.4211211211211321       0.9142459557049064
     656.4213213213213294       0.9410255548024152
     656.4215215215215267       0.9203662478959203
     656.4217217217217240       0.8886642271022801
     656.4219219219219212       0.9141176211318947
     656.4221221221221185       0.8396710804953152
     656.4223223223223158       0.9568232271871431
     656.4225225225225131       0.8312845402505977
     656.4227227227227104       0.8998185289483842
     656.4229229229229077       0.9337987178229042
     656.4231231231231050       0.9732248881919366
     656.4233233233233022       0.9131774028401078
     656.4235235235234995       0.9808458072719444
     656.4237237237236968       0.9480821577615610
     656.4239239239238941       0.8900518681600132
     656.4241241241240914       0.9054954757979831
     656.4243243243242887       0.9380698364205116
     656.4245245245244860       0.8966439724404814
     656.4247247247246833       0.8671760990877796
     656.4249249249248805       0.9373824176674501
     656.4251251251250778       0.9430730436707485
     656.4253253253252751       0.8671011986942230
     656.4255255255254724       0.8954659622054554
     656.4257257257256697       0.9322768567450908
     656.4259259259258670       0.9817494821102332
     656.4261261261260643       0.8604659069232359
     656.4263263263262616       0.9818726058229407
     656.4265265265264588       0.9608246976538368
     656.4267267267266561       0.9444763821227433
     656.4269269269269671       0.8985799393603267
     656.4271271271271644       0.9447603576749772
     656.4273273273273617       0.9885827357199699
     656.4275275275275590       0.9433118535740519
     656.4277277277277562       0.8937053621840696
     656.4279279279279535       0.9186549679076828
     656.4281281281281508       0.8351300846390098
     656.4283283283283481       0.8406390554596523
     656.4285285285285454       0.9420875063793261
     656.4287287287287427       0.9757698419650767
     656.4289289289289400       0.9456804304513916
     656.4291291291291373       0.9110888417315879
     656.4293293293293345       0.9478748339481373
     656.4295295295295318       1.0249268851893860
     656.4297297297297291       0.9265789635165361
     656.4299299299299264       0.9814464821997172
     656.4301301301301237       0.9115064292170872
     656.4303303303303210       0.9547696801190491
     656.4305305305305183       0.8977387622586959
     656.4307307307307155       0.9738276065462524
     656.4309309309309128       0.9772591150315416
     656.4311311311311101       0.9045028590260256
     656.4313313313313074       0.9379651970195716
     656.4315315315315047       0.9076803920244723
     656.4317317317317020       0.9586799073815578
     656.4319319319318993       0.8390647143164827
     656.4321321321320966       0.9499206200571314
     656.4323323323322938       0.9031078230790260
     656.4325325325324911       0.9522592294486417
     656.4327327327326884       0.9832371122451905
     656.4329329329328857       0.9114794961088550
     656.4331331331330830       0.8875536667255796
     656.4333333333332803       0.9692146859175795
     656.4335335335334776       0.9710233530437844
     656.4337337337336749       0.8992257444891841
     656.4339339339338721       0.8842300806094372
     656.4341341341340694       0.9809030583717121
     656.4343343343342667       0.8819564186173486
     656.4345345345344640       0.9580153187493368
     656.4347347347347750       0.9915395884848651
     656.4349349349349723       0.8996728755699045
     656.4351351351351695       1.0038131898623137
     656.4353353353353668       0.9413556520902243
     656.4355355355355641       0.8768184379621413
     656.4357357357357614       0.9336621835240566
     656.4359359359359587       0.9441710719806248
     656.4361361361361560       0.9052672026679393
     656.4363363363363533       0.9514912402137898
     656.4365365365365506       0.9648867269509487
     656.4367367367367478       0.9367660715325113
     656.4369369369369451       1.0840814884727206
     656.4371371371371424       0.9951083332948564
     656.4373373373373397       1.0340138421525071
     656.4375375375375370       0.9527567003908782
     656.4377377377377343       0.9201257139002715
     656.4379379379379316       1.0379942695045963
     656.4381381381381289       0.9941225228603078
     656.4383383383383261       1.0106310456428746
     656.4385385385385234       0.9032758286466804
     656.4387387387387207       1.0491148481069152
     656.4389389389389180       0.9895516032366812
     656.4391391391391153       0.9539162242557641
     656.4393393393393126       0.9866614210761759
     656.4395395395395099       0.9931842039873399
     656.4397397397397071       1.0280082427961328
     656.4399399399399044       1.0063103184108417
     656.4401401401401017       1.0888710723691779
     656.4403403403402990       1.1237602642701203
     656.4405405405404963       0.9930519444793392
     656.4407407407406936       1.0123146820050899
     656.4409409409408909       0.9103764413389434
     656.4411411411410882       0.9629141137047651
     656.4413413413412854       0.9465788403460083
     656.4415415415414827       1.0020966715828457
     656.4417417417416800       0.9573666823906007
     656.4419419419418773       0.9510342094544531
     656.4421421421420746       0.8913010529719867
     656.4423423423423856       0.9544067241845515
     656.4425425425425829       0.9711132787681299
     656.4427427427427801       0.9745240022090761
     656.4429429429429774       0.9711590035351890
     656.4431431431431747       0.9098597943336021
     656.4433433433433720       0.9776906398534280
     656.4435435435435693       0.9343603230942602
     656.4437437437437666       1.0064224450995556
     656.4439439439439639       0.9917382087021720
     656.4441441441441611       0.9414394911109401
     656.4443443443443584       0.9832756026008177
     656.4445445445445557       0.9939975103774623
     656.4447447447447530       1.0111464446266203
     656.4449449449449503       1.0052763652461465
     656.4451451451451476       0.9840066570247580
     656.4453453453453449       0.9822809180657303
     656.4455455455455422       0.9584331336652396
     656.4457457457457394       0.9472890325147094
     656.4459459459459367       0.9829821241026746
     656.4461461461461340       0.9809527645508211
     656.4463463463463313       1.0057696026451688
     656.4465465465465286       1.0023205350731828
     656.4467467467467259       0.9538255635902223
     656.4469469469469232       1.0456893245919727
     656.4471471471471204       0.9373608015203883
     656.4473473473473177       0.9322820256527125
     656.4475475475475150       0.9306923080919690
     656.4477477477477123       1.0175091137945962
     656.4479479479479096       0.9958725423467660
     656.4481481481481069       0.9817134240420606
     656.4483483483483042       0.9856058928286520
     656.4485485485485015       0.9246874221038128
     656.4487487487486987       1.0258278028619492
     656.4489489489488960       0.9583008109366701
     656.4491491491490933       0.9230637310312799
     656.4493493493492906       1.0593591312055661
     656.4495495495494879       1.0759163945950312
     656.4497497497496852       1.0287706078185737
     656.4499499499498825       1.0603370407495467
     656.4501501501501934       1.0389994354618812
     656.4503503503503907       0.9516887905898381
     656.4505505505505880       1.0353631051812591
     656.4507507507507853       0.9264100194421531
     656.4509509509509826       1.0265498756058160
     656.4511511511511799       1.0117906489697135
     656.4513513513513772       0.9539323403573259
     656.4515515515515744       0.9286860354597751
     656.4517517517517717       0.9873840330679932
     656.4519519519519690       0.9964057795401070
     656.4521521521521663       0.9832093646263947
     656.4523523523523636       0.9167064712571679
     656.4525525525525609       1.0052025659490575
     656.4527527527527582       1.0413390727165948
     656.4529529529529555       1.0711952655686066
     656.4531531531531527       1.0539142755803796
     656.4533533533533500       0.9498027819717907
     656.4535535535535473       1.0132206471790441
     656.4537537537537446       0.9244054009432822
     656.4539539539539419       1.0194353957680526
     656.4541541541541392       1.0452065321197042
     656.4543543543543365       0.8989281635386775
     656.4545545545545338       0.9378942637494426
     656.4547547547547310       0.9383357009998834
     656.4549549549549283       1.0081974393303064
     656.4551551551551256       1.0311468824233938
     656.4553553553553229       0.9468259670507625
     656.4555555555555202       0.9532253922783366
     656.4557557557557175       0.9877598839779858
     656.4559559559559148       0.9531638604120594
     656.4561561561561120       1.0816884982860615
     656.4563563563563093       1.0564977285883805
     656.4565565565565066       0.9094206864377160
     656.4567567567567039       0.9980387064621649
     656.4569569569569012       0.9194452099016506
     656.4571571571570985       1.0125582598192888
     656.4573573573572958       1.0008966107759725
     656.4575575575574931       0.9764807884593979
     656.4577577577578040       0.9287613498882799
     656.4579579579580013       0.9749135771411576
     656.4581581581581986       0.8908733395234726
     656.4583583583583959       1.0122697899850017
     656.4585585585585932       1.0364263310457480
     656.4587587587587905       1.0615766992047522
     656.4589589589589878       1.0214348862878904
     656.4591591591591850       1.0504005056158383
     656.4593593593593823       0.9725274418869195
     656.4595595595595796       0.9785117133955193
     656.4597597597597769       1.0583083577877537
     656.4599599599599742       0.9803026541416738
     656.4601601601601715       1.0941141236475249
     656.4603603603603688       1.0407952989583911
     656.4605605605605660       1.0345339017942132
     656.4607607607607633       1.0501941526910208
     656.4609609609609606       1.0158575004246035
     656.4611611611611579       1.0982648085354452
     656.4613613613613552       1.0176586819008722
     656.4615615615615525       0.8493576615446001
     656.4617617617617498       0.9542779456629168
     656.4619619619619471       0.9751848795977540
     656.4621621621621443       1.0275260047377694
     656.4623623623623416       1.0292706252470469
     656.4625625625625389       1.0102734964136593
     656.4627627627627362       0.9829947222168284
     656.4629629629629335       1.0096058523387033
     656.4631631631631308       1.0229385993552791
     656.4633633633633281       0.9268046293969090
     656.4635635635635253       0.9515579910988122
     656.4637637637637226       1.0366848330034371
     656.4639639639639199       0.9675351315473526
     656.4641641641641172       0.9393636294603959
     656.4643643643643145       1.0855472036004743
     656.4645645645645118       0.9840849898918501
     656.4647647647647091       0.9890316692911904
     656.4649649649649064       0.9537908197353887
     656.4651651651651036       0.9090303495703331
     656.4653653653653009       0.9870586220740901
     656.4655655655656119       0.9407122034744452
     656.4657657657658092       1.0487443215878531
     656.4659659659660065       0.9177379968550269
     656.4661661661662038       1.0386864219532523
     656.4663663663664011       1.0420054032300001
     656.4665665665665983       1.0578839322827771
     656.4667667667667956       1.0209118764304472
     656.4669669669669929       1.0150466361800099
     656.4671671671671902       1.0269342210456105
     656.4673673673673875       0.9578921580279609
     656.4675675675675848       0.8791944380331654
     656.4677677677677821       1.0275202393150709
     656.4679679679679793       1.0610589984158820
     656.4681681681681766       0.9411254286451164
     656.4683683683683739       0.9825778485802811
     656.4685685685685712       1.1050129385517440
     656.4687687687687685       1.0083037617892925
     656.4689689689689658       0.9946046405283707
     656.4691691691691631       1.0913242143894792
     656.4693693693693604       1.0224368773508474
     656.4695695695695576       1.0695875296920847
     656.4697697697697549       0.9215625873370956
     656.4699699699699522       0.9377008537089913
     656.4701701701701495       0.9606129840385400
     656.4703703703703468       0.9270509526289488
     656.4705705705705441       1.0253233292554227
     656.4707707707707414       0.9689158920906966
     656.4709709709709387       1.0613924599618878
     656.4711711711711359       0.9381902161456833
     656.4713713713713332       1.0447087745966550
     656.4715715715715305       1.0319294456883403
     656.4717717717717278       1.0344684733443843
     656.4719719719719251       1.0377376309977968
     656.4721721721721224       1.0099568701046258
     656.4723723723723197       1.0087270282645873
     656.4725725725725169       0.9643537840174706
     656.4727727727727142       0.9403725258137884
     656.4729729729729115       0.9701900436453207
     656.4731731731732225       1.0234302397303596
     656.4733733733734198       0.9834404848327910
     656.4735735735736171       1.0469231706655264
     656.4737737737738144       0.9542720202375621
     656.4739739739740116       0.9746787814397772
     656.4741741741742089       1.0066484236154420
     656.4743743743744062       1.0292505395967426
     656.4745745745746035       0.9063356309457761
     656.4747747747748008       1.0111754255930385
     656.4749749749749981       0.9760082746133698
     656.4751751751751954       0.9571521180639353
     656.4753753753753927       0.9429293311759687
     656.4755755755755899       0.9951689246125135
     656.4757757757757872       1.0778976125781790
     656.4759759759759845       0.9968262242235600
     656.4761761761761818       0.9469541443608824
     656.4763763763763791       1.0449746805892319
     656.4765765765765764       0.9770397982224496
     656.4767767767767737       0.9686385805737103
     656.4769769769769709       0.9692916727887873
     656.4771771771771682       1.1468026057137488
     656.4773773773773655       1.0650272351936545
     656.4775775775775628       0.9252654325241692
     656.4777777777777601       1.0162451022147421
     656.4779779779779574       0.9980962415003334
     656.4781781781781547       1.0478870695913565
     656.4783783783783520       0.9676487685015586
     656.4785785785785492       0.9350191123992625
     656.4787787787787465       0.9537141082915515
     656.4789789789789438       0.9765779289087277
     656.4791791791791411       1.0458964262844304
     656.4793793793793384       0.9598138475892665
     656.4795795795795357       0.9805175113786692
     656.4797797797797330       1.0566222771794647
     656.4799799799799302       1.0066013587456715
     656.4801801801801275       0.9198653491808549
     656.4803803803803248       1.0365155404874553
     656.4805805805805221       1.1363969944872014
     656.4807807807808331       0.9516439369761407
     656.4809809809810304       0.9989579108877896
     656.4811811811812277       1.0262358986533004
     656.4813813813814249       0.9989570255312061
     656.4815815815816222       1.1326199493263203
     656.4817817817818195       1.0610816343970271
     656.4819819819820168       1.0523784993210832
     656.4821821821822141       0.9606783579074551
     656.4823823823824114       0.9703543973580729
     656.4825825825826087       0.9736808709730790
     656.4827827827828060       1.1038143057471754
     656.4829829829830032       1.0308209373614527
     656.4831831831832005       1.0328206335126888
     656.4833833833833978       0.9966273316207103
     656.4835835835835951       1.0519078291746393
     656.4837837837837924       1.0140263082486491
     656.4839839839839897       1.0800209546467829
     656.4841841841841870       0.9591195833722110
     656.4843843843843842       0.9682621999723078
     656.4845845845845815       1.0323721439320259
     656.4847847847847788       1.0374922313913095
     656.4849849849849761       0.9213718942762955
     656.4851851851851734       1.0487117530595063
     656.4853853853853707       0.9580689100769778
     656.4855855855855680       1.0129276067159105
     656.4857857857857653       0.9805804843550114
     656.4859859859859625       1.0553791995900996
     656.4861861861861598       0.9620500179102112
     656.4863863863863571       0.9770976153263452
     656.4865865865865544       0.9966640884451434
     656.4867867867867517       0.9867844720851140
     656.4869869869869490       1.0714724377073124
     656.4871871871871463       1.0125410687502847
     656.4873873873873436       0.9476708771099791
     656.4875875875875408       1.1024011428299545
     656.4877877877877381       0.9820610016261349
     656.4879879879879354       0.9960139718477926
     656.4881881881881327       0.9363824127334183
     656.4883883883883300       1.0182517569702962
     656.4885885885886410       0.9902535431768174
     656.4887887887888382       0.9070007709035878
     656.4889889889890355       1.0584187134014633
     656.4891891891892328       0.9530858999701350
     656.4893893893894301       0.9986016429064822
     656.4895895895896274       0.9633569698119177
     656.4897897897898247       1.0474997942206312
     656.4899899899900220       0.9671544758603026
     656.4901901901902193       0.9615362402500414
     656.4903903903904165       1.0864384813108197
     656.4905905905906138       0.9524412825236688
     656.4907907907908111       0.9975385102939038
     656.4909909909910084       1.0917865022941968
     656.4911911911912057       0.9912412571187227
     656.4913913913914030       1.0334120091647283
     656.4915915915916003       1.0170959164360633
     656.4917917917917976       0.9137859264070476
     656.4919919919919948       1.0530161398262339
     656.4921921921921921       0.9965051136232481
     656.4923923923923894       0.9647575041177249
     656.4925925925925867       1.0655416391107337
     656.4927927927927840       0.9946027053413967
     656.4929929929929813       1.0823288719259869
     656.4931931931931786       1.0405248243471275
     656.4933933933933758       0.9880781875961884
     656.4935935935935731       0.9441057491897968
     656.4937937937937704       0.9576193489474921
     656.4939939939939677       0.9191434657538372
     656.4941941941941650       0.9133048341107995
     656.4943943943943623       0.9747670457877651
     656.4945945945945596       1.0390762235022037
     656.4947947947947569       0.9671022854897767
     656.4949949949949541       0.9862043666627476
     656.4951951951951514       0.9812068940658533
     656.4953953953953487       1.0073071342871951
     656.4955955955955460       0.9543484615360637
     656.4957957957957433       0.9639698408694712
     656.4959959959959406       0.9785058037977430
     656.4961961961962515       0.9810589142521758
     656.4963963963964488       0.9382088592391085
     656.4965965965966461       0.9886346217620714
     656.4967967967968434       1.0021904787315625
     656.4969969969970407       0.8994337063981297
     656.4971971971972380       1.0443232590062872
     656.4973973973974353       0.9625754938484322
     656.4975975975976326       1.0036945444993588
     656.4977977977978298       1.1007326070098029
     656.4979979979980271       1.0061797286236716
     656.4981981981982244       1.0634533963220045
     656.4983983983984217       1.0842118319696086
     656.4985985985986190       0.9822624757478384
     656.4987987987988163       1.1060415436428817
     656.4989989989990136       1.0404400253312378
     656.4991991991992109       1.0560070524562351
     656.4993993993994081       0.9553087436385800
     656.4995995995996054       0.9578088906553091
     656.4997997997998027       1.0183115247602286
     656.5000000000000000       1.0344472649107168
