       0.0000000000000000     656.3220665085942755       1.0033131160307676
     600.5212858384013543     656.3221364783432819       1.0008128799381666
    1201.0425716768027087     656.3221388127583396       0.9974143905565143
    1801.5638575152042904     656.3220679046696659       1.0000343152350979
    2402.0851433536054174     656.3220941717004280       0.9975384962745011
    3002.6064291920069991     656.3220803312221960       1.0015457152621821
    3603.1277150304085808     656.3220812028280307       0.9992841218481772
    4203.6490008688097078     656.3220999835476732       1.0017033241456375
    4804.1702867072108347     656.3221004671075889       0.9984175304416567
    5404.6915725456128712     656.3220467323724279       1.0064708772115409
    6005.2128583840139981     656.3220338082422813       0.9993140599108301
    6605.7341442224160346     656.3220536042701951       0.9944578367285430
    7206.2554300608171616     656.3220551374033676       1.0036961494479328
    7806.7767158992182885     656.3220864154754963       1.0045462092384696
    8407.2980017376194155     656.3220469862942537       1.0017613879172131
    9007.8192875760196330     656.3220441431213885       0.9990980368456803
    9608.3405734144216694     656.3220569920479193       1.0002874862693716
   10208.8618592528237059     656.3220468639451610       1.0039159073494375
   10809.3831450912257424     656.3220083665815991       1.0031663205008954
   11409.9044309296259598     656.3220164583950691       1.0040529360994697
   12010.4257167680279963     656.3220467221199215       1.0001071583828889
   12610.9470026064282138     656.3220125959438747       1.0013775253901258
   13211.4682884448320692     656.3220275935777863       1.0024741229135543
   13811.9895742832322867     656.3220117115365611       1.0056696124374866
   14412.5108601216343231     656.3220126343122729       0.9991452760295942
   15013.0321459600345406     656.3219966711791358       0.9999890922636041
   15613.5534317984365771     656.3220039555660605       0.9949154863134027
   16214.0747176368367946     656.3219858954928441       1.0022014384157956
   16814.5960034752388310     656.3220037942039653       0.9969265356194228
   17415.1172893136390485     656.3219785673546767       0.9988326691091061
   18015.6385751520392660     656.3219638587011104       0.9998843817156740
   18616.1598609904431214     656.3220057168526864       1.0031630035955459
   19216.6811468288433389     656.3219361427945842       1.0011528187897056
   19817.2024326672471943     656.3219924897664441       0.9959731702692807
   20417.7237185056474118     656.3219276221453811       0.9997794693917967
   21018.2450043440476293     656.3219410529910647       0.9967745016328990
   21618.7662901824514847     656.3219188859141013       0.9947093464434147
   22219.2875760208517022     656.3219692465387425       0.9990848397719674
   22819.8088618592519197     656.3219352006684630       1.0008773081935942
   23420.3301476976521371     656.3219357845562172       1.0039439192041755
   24020.8514335360559926     656.3219100676769813       0.9980881434166804
   24621.3727193744562101     656.3218826143225897       0.9995659776614048
   25221.8940052128564275     656.3219164128096281       1.0059905336238444
   25822.4152910512566450     656.3219085465972285       1.0021547889336944
   26422.9365768896641384     656.3218907507075528       0.9980499099474400
   27023.4578627280643559     656.3218769834744535       1.0005580162978731
   27623.9791485664645734     656.3218961863971117       1.0021542399190366
   28224.5004344048647908     656.3218876904484205       1.0018113383557647
   28825.0217202432686463     656.3218577267006140       1.0000037990657802
   29425.5430060816688638     656.3218370284253069       1.0016160905361176
   30026.0642919200690812     656.3218488967198709       0.9972028883639723
   30626.5855777584692987     656.3219015752704308       1.0014613207895309
   31227.1068635968731542     656.3218357791480457       0.9996401894313749
   31827.6281494352733716     656.3218458904892714       0.9973066430538893
   32428.1494352736735891     656.3218161523828940       0.9954843008890748
   33028.6707211120738066     656.3218503825598873       0.9991695637581870
   33629.1920069504776620     656.3218257521798478       1.0009862764272839
   34229.7132927888815175     656.3218258457216052       0.9988440697779879
   34830.2345786272780970     656.3218455047716589       1.0033172266557813
   35430.7558644656819524     656.3218326342035880       1.0004528657300398
   36031.2771503040785319     656.3218011234255300       0.9965754235163331
   36631.7984361424896633     656.3218414425639367       0.9959285971708596
   37232.3197219808862428     656.3217940339800407       1.0017976164817810
   37832.8410078192900983     656.3217686861770517       0.9959059776738286
   38433.3622936576866778     656.3218050004202269       1.0071127433329821
   39033.8835794960905332     656.3217968081004301       1.0006647903937846
   39634.4048653344943887     656.3218143657428527       1.0012749485904351
   40234.9261511728909682     656.3217780701327229       0.9968332566786557
   40835.4474370112948236     656.3217906983477405       1.0041158972308040
   41435.9687228496986791     656.3217594678214937       0.9967935653403401
   42036.4900086880952585     656.3217632621508528       0.9996482035785448
   42637.0112945264991140     656.3217479440290845       0.9970414198469371
   43237.5325803649029694     656.3217313602398235       0.9976351256482303
   43838.0538662033068249     656.3217423998664799       1.0036838811356574
   44438.5751520417034044     656.3217230069622019       0.9955452270805836
   45039.0964378801072598     656.3217885810549888       1.0018666693940759
   45639.6177237185038393     656.3217211096490473       0.9990568406064995
   46240.1390095569076948     656.3216786844062653       0.9973943498916924
   46840.6602953953042743     656.3217637680334064       1.0004664103034884
   47441.1815812337154057     656.3217190157180312       0.9997752833442064
   48041.7028670721119852     656.3216959934584338       0.9973871633410454
   48642.2241529105158406     656.3217043027901809       1.0038510984741151
   49242.7454387489124201     656.3216822189924642       1.0024345915298909
   49843.2667245873162756     656.3216989769971406       0.9993511976208538
   50443.7880104257128551     656.3217290477065262       0.9992322376929224
   51044.3092962641167105     656.3216689486336008       0.9977289007510990
   51644.8305821025132900     656.3216954083372912       0.9991609479766339
   52245.3518679409244214     656.3217211655926349       0.9948238888755441
   52845.8731537793282769     656.3216575320210495       0.9967228556051850
   53446.3944396177248564     656.3216558528521318       1.0004237038374413
   54046.9157254561287118     656.3216532557048595       0.9937115106731653
   54647.4370112945252913     656.3216657626738879       1.0022326903417706
   55247.9582971329291468     656.3216626100571602       0.9937656749971211
   55848.4795829713257262     656.3216339695738952       1.0027641963679343
   56449.0008688097295817     656.3216436209349922       0.9931360245682299
   57049.5221546481261612     656.3216594242780957       0.9972459827549756
   57650.0434404865372926     656.3216410905058638       1.0023136683739722
   58250.5647263249411481     656.3216150668852151       1.0023618747945875
   58851.0860121633377275     656.3216011956432112       1.0028702500276268
   59451.6072980017415830     656.3216219119250354       0.9987752195447683
   60052.1285838401381625     656.3216071272864838       0.9999602703501296
   60652.6498696785420179     656.3216192976500452       0.9978447421453893
   61253.1711555169385974     656.3216089309017889       1.0000937508157222
   61853.6924413553424529     656.3215968753727338       1.0021424635779113
   62454.2137271937463083     656.3215781861210871       0.9980929074808955
   63054.7350130321501638     656.3216607713484336       1.0000988146275631
   63655.2562988705467433     656.3215498708491396       0.9953929325565696
   64255.7775847089505987     656.3215691274206165       1.0059972386807203
   64856.2988705473471782     656.3215407244058497       0.9944101967848837
   65456.8201563857510337     656.3215832014834632       1.0010634745704010
   66057.3414422241476132     656.3215583888646734       0.9981285739922896
   66657.8627280625514686     656.3215618294270826       0.9984991697128862
   67258.3840139009553241     656.3215651370255728       1.0003123138158116
   67858.9052997393591795     656.3216006652666010       0.9955214452929795
   68459.4265855777630350     656.3215543450675113       0.9983033904572949
   69059.9478714161668904     656.3215217648004227       1.0028543896041811
   69660.4691572545561939     656.3215349087831783       1.0009720373200253
   70260.9904430929600494     656.3215687411645831       1.0006004082970321
   70861.5117289313639048     656.3215257165164758       1.0048978785052896
   71462.0330147697677603     656.3215045236955802       1.0001177283993457
   72062.5543006081570638     656.3215305976989384       1.0042730621062219
   72663.0755864465754712     656.3215257201276245       1.0031786477193236
   73263.5968722849793267     656.3215516669984027       1.0057129212655127
   73864.1181581233686302     656.3215014847040720       0.9957547169178724
   74464.6394439617724856     656.3215324521033835       0.9979993836022913
   75065.1607298001763411     656.3215477784254972       0.9955382347106934
   75665.6820156385801965     656.3215139434452112       1.0005005117272958
   76266.2033014769695001     656.3214829067986784       0.9980751214316115
   76866.7245873153733555     656.3214900245363879       1.0013880131300539
   77467.2458731537772110     656.3215370383899199       1.0009062645258382
   78067.7671589921810664     656.3215343812019000       0.9976291179191321
   78668.2884448305849219     656.3214474731344126       1.0071505932137370
   79268.8097306689887773     656.3214916687257983       0.9972732926253229
   79869.3310165073780809     656.3214495336526397       1.0028387350030243
   80469.8523023457819363     656.3214883561872739       0.9990867772721685
   81070.3735881841857918     656.3214762785396488       0.9951114156283438
   81670.8948740225896472     656.3214714575250355       1.0017777039902285
   82271.4161598609935027     656.3214627261359055       0.9977589477784932
   82871.9374456993973581     656.3214789676339933       1.0024667840916663
   83472.4587315378012136     656.3214880674357801       0.9970422706101090
   84072.9800173761905171     656.3214647570338229       0.9990060784621164
   84673.5013032145943725     656.3214647829553314       0.9988788780756295
   85274.0225890529982280     656.3214541188123121       1.0056704115122557
   85874.5438748914020834     656.3214436937172422       1.0038603951688856
   86475.0651607298059389     656.3214445738069571       0.9988876758143306
   87075.5864465681952424     656.3214792536863342       0.9996906304149888
   87676.1077324066136498     656.3214477417456010       0.9991033707628958
   88276.6290182450029533     656.3214671777024023       1.0025698472745717
   88877.1503040834068088     656.3214346378051687       0.9994859267608263
   89477.6715899217961123     656.3214294839647209       1.0047684377059340
   90078.1928757602145197     656.3214227753890100       1.0068047186359763
   90678.7141615986183751     656.3214191197641867       0.9967198118101805
   91279.2354474370076787     656.3214467095245936       0.9990802296670154
   91879.7567332754115341     656.3214213296157595       1.0019108467968181
   92480.2780191138153896     656.3214438641574588       1.0009969184175134
   93080.7993049522192450     656.3214043139901150       1.0000602478976361
   93681.3205907906085486     656.3214627833609711       0.9967121090739965
   94281.8418766290124040     656.3214247986301189       1.0009785953443497
   94882.3631624674308114     656.3214352364901742       0.9996920890989713
   95482.8844483058201149     656.3214093911797136       1.0009797466918826
   96083.4057341442239704     656.3213988146004567       1.0010162986582145
   96683.9270199826132739     656.3214024797484853       1.0031897581648082
   97284.4483058210316813     656.3214221987096835       0.9931717216968536
   97884.9695916594209848     656.3213938432087389       1.0020859139040112
   98485.4908774978248402     656.3213997793819772       1.0013571731979027
   99086.0121633362141438     656.3214111744628099       1.0005945814191364
   99686.5334491746325511     656.3214296560926186       0.9949859920889139
  100287.0547350130364066     656.3213950835875039       0.9988763391738757
  100887.5760208514257101     656.3214184216278682       1.0021697366610169
  101488.0973066898441175     656.3213666139023417       0.9943511709570885
  102088.6185925282334210     656.3213919166847745       0.9986376899760216
  102689.1398783666372765     656.3213860869464042       0.9998234479571693
  103289.6611642050265800     656.3213664765253270       0.9975810393225402
  103890.1824500434449874     656.3214329061237322       0.9983764642383903
  104490.7037358818488428     656.3214154329502890       1.0006532145780511
  105091.2250217202381464     656.3214060254849755       1.0059977225027978
  105691.7463075586565537     656.3213854994979783       1.0019690790213645
  106292.2675933970458573     656.3214177660884161       0.9999623273288307
  106892.7888792354497127     656.3213968475599813       0.9975523210596293
  107493.3101650738390163     656.3213836037998590       0.9960911464877427
  108093.8314509122574236     656.3213908543777961       1.0011478103697300
  108694.3527367506467272     656.3213811995871083       0.9973983082454652
  109294.8740225890505826     656.3213991732086470       0.9991326447925530
  109895.3953084274689900     656.3214050521125955       0.9989851738791913
  110495.9165942658582935     656.3214080373077195       1.0010145329870284
  111096.4378801042621490     656.3213739138002438       1.0005682961200364
  111696.9591659426514525     656.3214083748692929       1.0037673099432141
  112297.4804517810698599     656.3213895228110459       1.0049474262632430
  112898.0017376194591634     656.3213639814410953       1.0030898891855031
  113498.5230234578630188     656.3213866432400891       1.0051914933137596
  114099.0443092962523224     656.3214204820081932       1.0036961485166103
  114699.5655951346707297     656.3213779537305754       1.0004281657747924
  115300.0868809730745852     656.3213756448847107       0.9997848702332703
  115900.6081668114638887     656.3213812516086136       0.9987309875432402
  116501.1294526498822961     656.3214081787360783       0.9957151715643704
  117101.6507384882715996     656.3214186957268339       1.0027053582016379
  117702.1720243266754551     656.3214183047896313       0.9989199548726901
  118302.6933101650647586     656.3213925998068135       1.0000901905659703
  118903.2145960034831660     656.3213909727401187       1.0013685511657968
  119503.7358818418870214     656.3213949476808011       1.0046934969723225
  120104.2571676802763250     656.3213904468245801       1.0044355215504766
  120704.7784535186801804     656.3214288552237576       1.0000866717527970
  121305.2997393570840359     656.3213832308880455       0.9970377613790333
  121905.8210251954878913     656.3214113701169481       1.0015775966458023
  122506.3423110338771949     656.3214120213085607       1.0062937303446233
  123106.8635968722810503     656.3213940882675388       0.9996366263949312
  123707.3848827106849058     656.3213929534538238       1.0035064523108304
  124307.9061685490887612     656.3214178409710939       1.0014698624145240
  124908.4274543874926167     656.3213996443677161       0.9984868040774018
  125508.9487402258819202     656.3214028892016358       0.9998831501579843
  126109.4700260643003276     656.3214117844455586       0.9973604830447584
  126709.9913119026896311     656.3213924624375295       1.0027844416908920
  127310.5125977410934865     656.3213944266852877       0.9992612965288572
  127911.0338835794827901     656.3214021431850824       1.0010209064930677
  128511.5551694179011974     656.3213768734688074       1.0030769088771194
  129112.0764552562905010     656.3213986123619179       1.0052613564766943
  129712.5977410946943564     656.3213959452862127       1.0011843515094370
  130313.1190269331127638     656.3214063233313027       0.9986461651278660
  130913.6403127715020673     656.3214316821313332       0.9952960754744709
  131514.1615986099059228     656.3213887609831545       0.9970707157626748
  132114.6828844482952263     656.3214060499719835       0.9979467061348259
  132715.2041702867136337     656.3214181417839654       0.9958199830725789
  133315.7254561251029372     656.3214679082871044       1.0029718228615820
  133916.2467419635213446     656.3213851009517157       0.9967524141538888
  134516.7680278019106481     656.3214329343861664       0.9976335989776999
  135117.2893136402999517     656.3214514158221391       0.9999698131177865
  135717.8105994787183590     656.3213838824451614       0.9962796615436673
  136318.3318853171076626     656.3214383703245858       0.9981686004903167
  136918.8531711555260699     656.3214095927281733       1.0030595255084336
  137519.3744569939153735     656.3214467549051960       0.9971231075469404
  138119.8957428323337808     656.3214364077435903       1.0029106771107763
  138720.4170286707230844     656.3214245435194698       1.0009741497924551
  139320.9383145091123879     656.3214688825036092       1.0007579590310343
  139921.4596003475307953     656.3214441602583520       0.9987939891871065
  140521.9808861859200988     656.3214814547446849       1.0057706944644451
  141122.5021720243385062     656.3214016962620008       0.9972901695873588
  141723.0234578627278097     656.3214223671403715       1.0017946963198483
  142323.5447437011462171     656.3214595396520963       0.9967030673287809
  142924.0660295395355206     656.3214487066366019       1.0021040488500148
  143524.5873153779248241     656.3214529840381601       1.0005796789191663
  144125.1086012163141277     656.3214891475059858       1.0014285327633843
  144725.6298870547325350     656.3214758070234893       1.0003608272236306
  145326.1511728931509424     656.3215051302850043       1.0007419960456900
  145926.6724587315402459     656.3214443936592488       1.0049677216447890
  146527.1937445699586533     656.3214238044206468       1.0001096366322599
  147127.7150304083479568     656.3214887143656142       0.9955545272678137
  147728.2363162467372604     656.3214868277673304       0.9984720536740497
  148328.7576020851265639     656.3214688277339519       0.9995249402709305
  148929.2788879235449713     656.3215171303677380       1.0051912590861320
  149529.8001737619633786     656.3215059024316815       1.0006399881094694
  150130.3214596003526822     656.3214700193411772       1.0012048287317157
  150730.8427454387419857     656.3214879537622437       0.9990830654860474
  151331.3640312771603931     656.3214921002762594       1.0011748500401154
  151931.8853171155496966     656.3214716165477967       1.0002171930682380
  152532.4066029539390001     656.3214870331961492       1.0012527841608971
  153132.9278887923574075     656.3214893728596735       1.0044618607498705
  153733.4491746307467110     656.3214881884753140       1.0011086949380115
  154333.9704604691651184     656.3214759528990498       0.9930247273296118
  154934.4917463075544219     656.3214659896801777       0.9996248294482939
  155535.0130321459437255     656.3215182849266967       1.0023785394150764
  156135.5343179843621328     656.3215661011363409       1.0060347970575094
  156736.0556038227514364     656.3214899244896969       0.9988311314955354
  157336.5768896611698437     656.3215235450625187       0.9991903781774454
  157937.0981754995591473     656.3215192207120481       1.0036428286693990
  158537.6194613379775546     656.3215474113482060       1.0053816181607544
  159138.1407471763668582     656.3215599508093874       0.9976952532306314
  159738.6620330147561617     656.3215261379050389       1.0024626713711768
  160339.1833188531745691     656.3215858967587337       1.0006965103675611
  160939.7046046915638726     656.3215686224556293       1.0025828764773905
  161540.2258905299822800     656.3216148144143745       0.9982977655017748
  162140.7471763683715835     656.3215610818897403       0.9971881385426968
  162741.2684622067899909     656.3216072657062341       0.9994590471615084
  163341.7897480451792944     656.3215620937636459       0.9978926917538047
  163942.3110338835685980     656.3215632533261896       0.9993120785802603
  164542.8323197219870053     656.3215805470167652       0.9964915821328759
  165143.3536055603763089     656.3216154694235911       1.0013076635077596
  165743.8748913987947162     656.3215815970713720       0.9992999892565422
  166344.3961772371840198     656.3215619960527647       1.0000289239451376
  166944.9174630756024271     656.3215566043922991       0.9972189371474087
  167545.4387489139917307     656.3215765904121781       1.0017610122449696
  168145.9600347523810342     656.3215565985079820       0.9980614188825712
  168746.4813205907703377     656.3216005964371789       0.9939541239291430
  169347.0026064291887451     656.3216155792538302       0.9996894840151072
  169947.5238922676071525     656.3215807848876011       1.0005113878287375
  170548.0451781059964560     656.3216130243371254       1.0019555091857910
  171148.5664639444148634     656.3216648180283528       1.0003394976665732
  171749.0877497828041669     656.3216065929379965       1.0050885947421193
  172349.6090356211934704     656.3216409054299447       1.0056133368052542
  172950.1303214596118778     656.3216559944763731       0.9968299260362983
  173550.6516072979720775     656.3216279438036054       0.9992004106170498
  174151.1728931363904849     656.3216491581937362       1.0018029719358310
  174751.6941789748088922     656.3216480729773821       0.9996606575441547
  175352.2154648132272996     656.3216398972568868       1.0012020572321489
  175952.7367506516166031     656.3216721512321783       1.0044504459947348
  176553.2580364900059067     656.3216659938191242       0.9985553909791633
  177153.7793223283952102     656.3216085720217734       1.0040027201175690
  177754.3006081668136176     656.3216820803023666       0.9959567785263062
  178354.8218940052320249     656.3216875288012488       0.9994321853155270
  178955.3431798435922246     656.3216666812775202       0.9987235005246475
  179555.8644656820106320     656.3216866334247470       1.0022768152412027
  180156.3857515204290394     656.3216972733617922       1.0006457108538598
  180756.9070373588183429     656.3217037718382016       1.0018530200468376
  181357.4283231972367503     656.3217327144843694       0.9981275199679658
  181957.9496090355969500     656.3217364245940644       1.0019757014233619
  182558.4708948740153573     656.3216892697774938       0.9960134215652943
  183158.9921807124337647     656.3217030780739378       0.9994886927306652
  183759.5134665508230682     656.3217139891374927       1.0017367429099977
  184360.0347523892414756     656.3217501924159478       1.0016691605560482
  184960.5560382276307791     656.3217407240741750       1.0009490287629887
  185561.0773240660200827     656.3217453657580336       0.9982657717773691
  186161.5986099044384900     656.3217649463385897       0.9992554135387763
  186762.1198957428568974     656.3217443140708838       1.0006217443733476
  187362.6411815812170971     656.3217443112497449       0.9961898468900472
  187963.1624674196355045     656.3217572542467906       0.9999429012787004
  188563.6837532580248080     656.3217260692417767       0.9963504457846284
  189164.2050390964432154     656.3217873959885083       1.0018015387468040
  189764.7263249348616228     656.3217797012615620       0.9996264660148881
  190365.2476107732218225     656.3217908192435743       1.0023621930740774
  190965.7688966116402298     656.3218185070697928       0.9995009033591487
  191566.2901824500586372     656.3217564215499351       0.9967914340086281
  192166.8114682884479407     656.3217907207813369       0.9949721563607454
  192767.3327541268372443     656.3218003593842695       1.0014121426502243
  193367.8540399652265478     656.3218400845818223       1.0088242841884494
  193968.3753258036449552     656.3217526440917027       1.0020086609292775
  194568.8966116420633625     656.3217970433544224       1.0001818675373215
  195169.4178974804817699     656.3218072453429386       1.0019612223841250
  195769.9391833188419696     656.3218542312046111       1.0019346772460267
  196370.4604691572603770     656.3218374053606112       0.9893250431020634
  196970.9817549956496805     656.3218408685000895       0.9900034742856927
  197571.5030408340680879     656.3218349300585714       0.9852683503030397
  198172.0243266724282876     656.3218507340093311       0.9781328382285841
  198772.5456125108466949     656.3218644449967769       0.9862483850064285
  199373.0668983492651023     656.3218541749389487       0.9860520640703447
  199973.5881841876835097     656.3218821710236170       0.9800570284331747
  200574.1094700260728132     656.3219031520244471       0.9859593623167433
  201174.6307558644621167     656.3218570821658204       0.9813752151875355
  201775.1520417028514203     656.3218775193289503       0.9873350205215223
  202375.6733275412698276     656.3218979084439297       0.9844993519562826
  202976.1946133796882350     656.3219089263569685       0.9855791283388220
  203576.7158992180484347     656.3218865111452942       0.9910963730270572
  204177.2371850564668421     656.3219147962538500       0.9851135034895100
  204777.7584708948852494     656.3219318199671761       0.9826420718653657
  205378.2797567332745530     656.3219318968408516       0.9874909392873354
  205978.8010425716929603     656.3219395256224971       0.9814433861373522
  206579.3223284100531600     656.3218892803715789       0.9838839569327951
  207179.8436142484715674     656.3219050991997392       0.9883924348042984
  207780.3649000868899748     656.3219156988499208       1.0004040735894815
  208380.8861859252792783     656.3219436079318712       0.9971076771616936
  208981.4074717636976857     656.3219332074692147       0.9988417089916766
  209581.9287576020869892     656.3219718261523212       0.9997373479127418
  210182.4500434404762927     656.3219345914075120       0.9961927516851574
  210782.9713292788947001     656.3219463162429292       1.0010418907040730
  211383.4926151173131075     656.3219660883576125       0.9992019022465684
  211984.0139009556733072     656.3219746554090079       1.0049333376809955
  212584.5351867940917145     656.3219872479660353       1.0007177934749052
  213185.0564726324810181     656.3219562409672108       0.9982028485974297
  213785.5777584708994254     656.3219925576653395       0.9988573244772851
  214386.0990443093178328     656.3219870008234693       0.9983956846408546
  214986.6203301476780325     656.3219686650921858       1.0054996018297970
  215587.1416159860964399     656.3219748034454142       1.0041637625545263
  216187.6629018245148472     656.3220218811744644       0.9974725660867989
  216788.1841876629041508     656.3220145118159508       1.0014734865399078
  217388.7054735012934543     656.3220062004068041       1.0004418128519319
  217989.2267593396827579     656.3220268749416846       0.9994960405747406
  218589.7480451781011652     656.3219991000161144       1.0044554593041539
  219190.2693310165195726     656.3220344357316662       0.9985524641815573
  219790.7906168549379800     656.3220332281613310       1.0009020399302244
  220391.3119026932981797     656.3220763622881577       0.9953933893702924
  220991.8331885317165870     656.3220449360269413       0.9991765074664727
  221592.3544743701058906     656.3220084089625743       1.0018900345312431
  222192.8757602085242979     656.3220390886083351       1.0035893733147532
  222793.3970460468844976     656.3220853430048010       1.0031595663167536
  223393.9183318853029050     656.3220451957918158       0.9990402268595062
  223994.4396177237213124     656.3220741778415004       0.9987233453430235
  224594.9609035621397197     656.3220738673368260       1.0043054833076894
  225195.4821894005290233     656.3221245399665804       1.0002727023384068
  225796.0034752389183268     656.3220807773699335       1.0033180864993483
  226396.5247610773076303     656.3221081704134576       1.0021715078037232
  226997.0460469157260377     656.3220971249795639       1.0005097693647258
  227597.5673327541444451     656.3221230367239514       1.0023419358767569
  228198.0886185925046448     656.3220752940655984       1.0013981622178108
  228798.6099044309230521     656.3220847825325563       1.0005843014223501
  229399.1311902693414595     656.3220699234741460       1.0047024609521031
  229999.6524761077307630     656.3221089395167382       0.9938106415793300
  230600.1737619461491704     656.3221327102088480       1.0018137794686481
  231200.6950477845093701     656.3221027966599195       0.9962584280874580
  231801.2163336229277775     656.3221499731703261       1.0029158238321543
  232401.7376194613461848     656.3221142348098738       1.0023049227893353
  233002.2589052997645922     656.3221548103645091       1.0063239643350244
  233602.7801911381247919     656.3221193770665423       0.9992509644362144
  234203.3014769765431993     656.3221505781634733       0.9994112695567310
  234803.8227628149325028     656.3221400566767443       0.9975664843805134
  235404.3440486533509102     656.3221485680753631       1.0046050124801695
  236004.8653344917693175     656.3221094270390950       1.0027038489934057
  236605.3866203301295172     656.3221748999135343       0.9973087965045124
  237205.9079061685479246     656.3221952033801472       1.0038449373096228
  237806.4291920069663320     656.3221100237627752       1.0004085881810170
  238406.9504778453556355     656.3221728255226708       1.0041985367424786
  239007.4717636837740429     656.3221626357279774       0.9970778885763139
  239607.9930495221342426     656.3221731366742233       0.9999915757589406
  240208.5143353605526499     656.3221695373208604       0.9973985340911895
  240809.0356211989710573     656.3221646043040209       1.0012639652704820
  241409.5569070373603608     656.3222117212008015       1.0000106412962850
  242010.0781928757496644     656.3221685009739303       0.9940164973959327
  242610.5994787141680717     656.3222233720032364       1.0055367061868310
  243211.1207645525573753     656.3221788473098286       1.0007690031197853
  243811.6420503909757826     656.3221901903962134       0.9989824190270156
  244412.1633362293941900     656.3222206286887968       1.0004085408581886
  245012.6846220677543897     656.3222276009778398       0.9979482390917838
  245613.2059079061727971     656.3222777130481518       1.0009324825950898
  246213.7271937445621006     656.3222320107917085       0.9991821914445609
  246814.2484795829805080     656.3222358573049178       0.9990245766821317
  247414.7697654213698115     656.3222002189952491       1.0016533426241949
  248015.2910512597591151     656.3222674541758579       1.0055628269910812
  248615.8123370981775224     656.3222092865653394       1.0022474757861346
  249216.3336229365959298     656.3221877379889975       0.9980454077012837
  249816.8549087749852333     656.3222453291684815       1.0005772198783234
  250417.3761946133745369     656.3222292604086761       0.9997458811558317
  251017.8974804517638404     656.3222676660113848       0.9993762436788529
  251618.4187662901822478     656.3222277882614435       1.0009465255425312
  252218.9400521286006551     656.3222991469941690       0.9985742041608319
  252819.4613379669608548     656.3222757962823835       1.0007785304915160
  253419.9826238053792622     656.3222486467278713       0.9991685199202038
  254020.5039096437976696     656.3222753601706927       1.0000488502955704
  254621.0251954821869731     656.3222727440206654       1.0004278892010916
  255221.5464813206053805     656.3222473334107008       1.0000974547001533
  255822.0677671589655802     656.3222592181728032       1.0009841517312452
  256422.5890529973839875     656.3222982006793700       0.9980009205173701
  257023.1103388358023949     656.3222747062442295       1.0029962430708110
  257623.6316246742208023     656.3222948566711921       1.0012342769186944
  258224.1529105125810020     656.3222954796890463       0.9972242268268019
  258824.6741963509994093     656.3222990042556830       0.9945867918431759
  259425.1954821893887129     656.3223167708655410       0.9992424996453337
  260025.7167680278071202     656.3222786657127017       1.0053171906620264
  260626.2380538662255276     656.3222623146682508       0.9943810659460723
  261226.7593397045857273     656.3222589228934112       1.0008914592908695
  261827.2806255430041347     656.3223166320648261       0.9984918483532965
  262427.8019113814225420     656.3223037369946269       0.9974761125631630
  263028.3231972198118456     656.3223156324518186       0.9951624944806099
  263628.8444830582011491     656.3222978167735846       1.0057473052293062
  264229.3657688965904526     656.3223056939784783       0.9946190626360476
  264829.8870547350379638     656.3222937486267483       0.9977966828737408
  265430.4083405734272674     656.3223131880042729       0.9948854362592101
  266030.9296264118165709     656.3223210837707029       1.0018615130102262
  266631.4509122502058744     656.3223321619624357       1.0097530242055655
  267231.9721980885951780     656.3223128981062473       1.0027382383123040
  267832.4934839270426892     656.3223047864994442       1.0003984946815763
  268433.0147697654319927     656.3223000509161693       0.9983953566988930
  269033.5360556038212962     656.3223311639525264       1.0064241858199239
  269634.0573414422105998     656.3223489365966543       0.9989257770357653
  270234.5786272805999033     656.3223498908752163       0.9990939712733962
  270835.0999131190474145     656.3223474932021873       1.0040930439718068
  271435.6211989574367180     656.3223286356869721       0.9973993010353297
  272036.1424847958260216     656.3223380179550759       1.0031379063148052
  272636.6637706342153251     656.3223555125863413       0.9979934561997652
  273237.1850564726046287     656.3223265306405665       0.9962039815727621
  273837.7063423110521398     656.3223167375487037       0.9987864539725706
  274438.2276281494414434     656.3223291134964938       0.9931695596314967
  275038.7489139878307469     656.3223416395680943       0.9992883464437909
  275639.2701998262200505     656.3223488841545077       1.0033907336182892
  276239.7914856646675617     656.3223295203257521       1.0036874448414892
  276840.3127715030568652     656.3223349567393825       1.0008652934338897
  277440.8340573414461687     656.3223534875010046       0.9982497852761298
  278041.3553431798354723     656.3223784479861251       1.0026213650126010
  278641.8766290182247758     656.3223640855228496       1.0036815011408180
  279242.3979148566722870     656.3223601798741811       1.0030851487535983
  279842.9192006950615905     656.3224117258517936       1.0013435030123219
  280443.4404865334508941     656.3223111347732583       0.9954526247456670
  281043.9617723718401976     656.3223637117109774       1.0000727007063688
  281644.4830582102295011     656.3223874591975573       0.9987550072837621
  282245.0043440486770123     656.3223647635655880       1.0003711335011758
  282845.5256298870081082     656.3223392667772487       1.0024075622204691
  283446.0469157254556194     656.3223551140926020       0.9942684764973819
  284046.5682015638449229     656.3223074674591544       1.0037372324150056
  284647.0894874022924341     656.3223406106978928       1.0013276506215334
  285247.6107732406817377     656.3223679757395530       0.9996589884685818
  285848.1320590790710412     656.3223334178619552       1.0015251083532348
  286448.6533449174603447     656.3223929121458013       0.9981648495886475
  287049.1746307558496483     656.3223896282136138       0.9984474760713056
  287649.6959165942971595     656.3223689529218063       1.0050619901157916
  288250.2172024326282553     656.3223568350393862       1.0022426180075854
  288850.7384882710757665     656.3223183956931734       1.0028752577491105
  289451.2597741094650701     656.3223157525744682       1.0024657796602696
  290051.7810599478543736     656.3224013974732998       1.0027122066821903
  290652.3023457863018848     656.3223359665466887       0.9995188249740750
  291252.8236316246329807     656.3223846601080140       0.9947162163443863
  291853.3449174630804919     656.3224016958231459       1.0031318073160946
  292453.8662033014697954     656.3223380987873270       1.0064452723599970
  293054.3874891399173066     656.3223856366121254       1.0022861945908517
  293654.9087749783066101     656.3223606987386347       0.9987412010086700
  294255.4300608166959137     656.3224035889584229       0.9974314186256379
  294855.9513466550852172     656.3224009063357016       1.0017712544649839
  295456.4726324934745207     656.3223486925093084       1.0039048250764608
  296056.9939183319220319     656.3223829749799734       0.9963149859104306
  296657.5152041702531278     656.3223736912186723       1.0039659617468715
  297258.0364900087006390     656.3223445463183907       0.9999521672762057
  297858.5577758470899425     656.3223962924500938       1.0001627185702091
  298459.0790616854792461     656.3223593221318879       1.0048257145099342
  299059.6003475239267573     656.3223432655654506       1.0033775013871491
  299660.1216333622578532     656.3223146563580030       1.0029252369422466
  300260.6429192007053643     656.3223443083981010       1.0002120551798726
  300861.1642050390946679     656.3223559897015775       1.0035176563542336
  301461.6854908774839714     656.3223433738037329       0.9932451453059912
  302062.2067767158732750     656.3223491744053035       0.9987553413957357
  302662.7280625543207861     656.3223226247872617       0.9986380873015150
  303263.2493483927100897     656.3223377578104873       1.0019399400334805
  303863.7706342310993932     656.3223386520973008       1.0006200445932336
  304464.2919200695469044     656.3223501387495844       1.0031444644555449
  305064.8132059078780003     656.3223812704623015       0.9959777193143964
  305665.3344917463255115     656.3223443706426679       1.0043145474046469
  306265.8557775847148150     656.3223285612997415       0.9961875327862799
  306866.3770634231041186     656.3223427131379140       1.0007837844896130
  307466.8983492614934221     656.3223177461943578       0.9961288366466761
  308067.4196350998827256     656.3223254838284220       0.9995284836040810
  308667.9409209383302368     656.3223653990929733       0.9992486914270557
  309268.4622067767195404     656.3223637385572147       0.9959248271770775
  309868.9834926151088439     656.3223480342385301       1.0002438311494188
  310469.5047784534981474     656.3223107590971495       1.0038187862373888
  311070.0260642918874510     656.3223429688828219       1.0000938511948334
  311670.5473501303349622     656.3223300529753033       1.0060993591323495
  312271.0686359687242657     656.3223194167544534       0.9964409100357443
  312871.5899218071135692     656.3223081412477313       0.9999128389899852
  313472.1112076455028728     656.3223002493151625       0.9961433238349855
  314072.6324934839503840     656.3223311931615171       0.9988870183005929
  314673.1537793223396875     656.3222764297863705       0.9973496606107801
  315273.6750651607289910     656.3223278232738949       1.0023058007936925
  315874.1963509991182946     656.3223267410766084       1.0021354763302952
  316474.7176368375075981     656.3223060154542736       0.9984110591467470
  317075.2389226759551093     656.3223130670021419       0.9991215128102340
  317675.7602085143444128     656.3223292463887901       1.0015432609943673
  318276.2814943527337164     656.3222675383838123       0.9959178757853806
  318876.8027801911230199     656.3222924285462341       0.9962887880392373
  319477.3240660295123234     656.3222402622858453       1.0058457120321691
  320077.8453518679598346     656.3222689778921222       1.0000860839281813
  320678.3666377063491382     656.3223002156681787       1.0005328747211024
  321278.8879235447384417     656.3222683499321874       1.0050782873295248
  321879.4092093831277452     656.3222674477743794       1.0018841252895072
  322479.9304952215752564     656.3223057156768618       1.0045997756533325
  323080.4517810599645600     656.3223021765431895       0.9991253472981043
  323680.9730668983538635     656.3222758421659364       1.0028059226460755
  324281.4943527367431670     656.3222289414314901       1.0019130918662995
  324882.0156385751324706     656.3222778175118037       1.0022054584696889
  325482.5369244135799818     656.3222599468567751       1.0033730485010892
  326083.0582102519692853     656.3222462518966722       0.9961261658463627
  326683.5794960903585888     656.3222405812850866       1.0008485935395584
  327284.1007819287478924     656.3222343392490075       1.0020637651905417
  327884.6220677671371959     656.3222088817491340       1.0009139617322944
  328485.1433536055847071     656.3222310048791996       0.9999895435967119
  329085.6646394439740106     656.3222282956513709       0.9971878693904728
  329686.1859252823633142     656.3221912868235677       0.9933238564990461
  330286.7072111207526177     656.3222302816568572       1.0102106053382158
  330887.2284969591419213     656.3222531511203215       1.0008303512004204
  331487.7497827975894324     656.3221959253390878       0.9970583033282310
  332088.2710686359787360     656.3222336839818354       1.0037878430448472
  332688.7923544743680395     656.3222329056166018       1.0016652694903314
  333289.3136403127573431     656.3221982486078332       0.9981492321239784
  333889.8349261512048542     656.3222391701125389       1.0015365587314591
  334490.3562119895941578     656.3221977947855521       0.9973877433221787
  335090.8774978279834613     656.3222313493271258       1.0001082777744159
  335691.3987836663727649     656.3222162427662170       0.9999971710899445
  336291.9200695047620684     656.3222047745499594       0.9983978427480906
  336892.4413553432095796     656.3221945280757836       1.0011626577470452
  337492.9626411815406755     656.3221658422668270       0.9931373922154307
  338093.4839270199881867     656.3221824836257383       0.9969927098136395
  338694.0052128583774902     656.3221741334643866       0.9974405341781676
  339294.5264986967667937     656.3221800065022080       1.0001928175042849
  339895.0477845352143049     656.3221671592959865       0.9957904801703990
  340495.5690703735454008     656.3221341023606783       1.0002779496426228
  341096.0903562119929120     656.3221448111881955       0.9966566178482026
  341696.6116420503822155     656.3221439410310722       0.9997680772503372
  342297.1329278888297267     656.3221356227455772       0.9963844262529165
  342897.6542137271608226     656.3221689196659554       1.0006144574726932
  343498.1754995656083338     656.3221732101587804       1.0030543233733624
  344098.6967854039976373     656.3221378452608405       1.0006705041159876
  344699.2180712423869409     656.3221395814180141       1.0031194528564811
  345299.7393570808344521     656.3221355174041491       1.0051046577282250
  345900.2606429192237556     656.3221198846030120       1.0014463729457930
  346500.7819287576130591     656.3220928695977818       1.0007007900858298
  347101.3032145959441550     656.3221001788525655       1.0012440796708688
  347701.8245004343916662     656.3221189036969463       0.9982570102438331
  348302.3457862727809697     656.3221033285090016       1.0026932419277728
  348902.8670721112284809     656.3221094853983004       0.9971818372141570
  349503.3883579496177845     656.3220883290471193       0.9978896854445338
  350103.9096437879488803     656.3221159983817188       1.0027436900418252
  350704.4309296264545992     656.3220804117560192       1.0004398800083436
  351304.9522154647856951     656.3221180731753748       1.0002610513474792
  351905.4735013032332063     656.3220985640482468       0.9991396354162134
  352505.9947871416225098     656.3221313386724205       1.0006853445665911
  353106.5160729800118133     656.3220943792516664       0.9998908671477693
  353707.0373588184593245     656.3220500480922510       0.9996338953496888
  354307.5586446567904204     656.3221106246702448       1.0025278399698436
  354908.0799304952379316     656.3220490731841892       0.9952588356100023
  355508.6012163336272351     656.3220625406772797       1.0031107706017792
  356109.1225021720165387     656.3219959726320667       1.0012233442394063
  356709.6437880104640499     656.3220309701112001       1.0064916624687612
  357310.1650738487951458     656.3220263709723667       1.0001308243372478
  357910.6863596871844493     656.3220034843141093       1.0025243586860597
  358511.2076455256319605     656.3220207000614437       1.0062187146395445
  359111.7289313640212640     656.3220506898059057       1.0001939287030837
  359712.2502172024687752     656.3219853681197264       0.9976342292502522
  360312.7715030408580787     656.3220296803235669       1.0034234256017953
  360913.2927888791891746     656.3220137974233239       1.0012620050692931
  361513.8140747176366858     656.3219821738713335       0.9993838960654102
  362114.3353605560259894     656.3219781781051552       1.0037371211219579
  362714.8566463944735005     656.3220025159403122       1.0007220559637062
  363315.3779322328628041     656.3220131255793603       0.9986468214774504
  363915.8992180711939000     656.3219717466029124       0.9990769677096978
  364516.4205039096414112     656.3219647054891084       1.0025025375653058
  365116.9417897480307147     656.3219711003757766       0.9996006077271886
  365717.4630755864782259     656.3219749040306397       0.9994294801144861
  366317.9843614248675294     656.3219601820969729       0.9997037257999182
  366918.5056472631986253     656.3219053207963043       0.9995248924533371
  367519.0269331016461365     656.3219604778726080       0.9987654961878434
  368119.5482189400354400     656.3219371693834319       0.9971188663039356
  368720.0695047784829512     656.3219403171607382       0.9952592984773219
  369320.5907906168722548     656.3218951396598868       0.9967404787894338
  369921.1120764552615583     656.3219178510404390       0.9968242452014238
  370521.6333622937090695     656.3219402323359191       1.0044617680832744
  371122.1546481320401654     656.3218973757598178       0.9995009038248099
  371722.6759339704294689     656.3218814370765131       1.0019984766840935
  372323.1972198088769801     656.3219139478306943       0.9989612668287009
  372923.7185056472662836     656.3218473465238958       1.0001892678264994
  373524.2397914857137948     656.3218761468442608       0.9972434295341372
  374124.7610773240448907     656.3218945956641619       0.9970735365059227
  374725.2823631624341942     656.3219030105921092       0.9978296190965921
  375325.8036490008817054     656.3218864840431479       0.9971320710610598
  375926.3249348392710090     656.3218844624084340       0.9972827185411006
  376526.8462206777185202     656.3218668006526286       0.9988558212062344
  377127.3675065160496160     656.3218787357258179       0.9954906608909369
  377727.8887923544389196     656.3218640329421305       1.0010646411683410
  378328.4100781928864308     656.3218425718757771       1.0033017224632204
  378928.9313640312757343     656.3218643964040666       1.0003043062752113
  379529.4526498697232455     656.3218236525787006       1.0038238123524934
  380129.9739357081125490     656.3218005303317568       0.9977185849566013
  380730.4952215464436449     656.3218416757712248       0.9971845101099461
  381331.0165073848911561     656.3217946353629486       1.0002689352550078
  381931.5377932232804596     656.3218095143585060       1.0012501968303695
  382532.0590790616697632     656.3218118743291143       0.9973946455866098
  383132.5803649001172744     656.3217500792447936       1.0022793561220169
  383733.1016507384483702     656.3217871139944464       0.9943617735989392
  384333.6229365768958814     656.3217717121069654       1.0020200570579618
  384934.1442224152851850     656.3218101951679273       1.0005547381588258
  385534.6655082536744885     656.3218139406135379       0.9988043518969789
  386135.1867940921219997     656.3217885420222046       0.9981037656543776
  386735.7080799304530956     656.3217967801961095       1.0002897950180341
  387336.2293657689006068     656.3217780284252285       1.0017427860293537
  387936.7506516072899103     656.3217622293714157       1.0001150167881860
  388537.2719374456792139     656.3217359319118032       1.0025361771695316
  389137.7932232841267250     656.3217392520616613       1.0030430052429438
  389738.3145091225160286     656.3217491097150287       1.0045694541186094
  390338.8357949609635398     656.3217777153842007       0.9989924867404625
  390939.3570807992946357     656.3217187677676066       1.0003517617005855
  391539.8783666376839392     656.3217667199970720       0.9928736537694931
  392140.3996524761314504     656.3217166258989437       1.0030537869315594
  392740.9209383145207539     656.3217260157724695       0.9998210929625202
  393341.4422241529682651     656.3216777244488185       0.9978723097592592
  393941.9635099912993610     656.3216918757482290       0.9985195647459477
  394542.4847958296886645     656.3217043901688612       1.0007874281145632
  395143.0060816681361757     656.3217163792739939       1.0011491070035845
  395743.5273675065254793     656.3217100111684204       1.0036712626460940
  396344.0486533448565751     656.3216749975498487       1.0014016869245097
  396944.5699391833040863     656.3217191661215111       1.0039140009321272
  397545.0912250216933899     656.3217037190081555       0.9951908388175070
  398145.6125108601409011     656.3217011577730773       0.9989395337179303
  398746.1337966985302046     656.3216504932967155       1.0014378473861143
  399346.6550825369195081     656.3217001557948151       0.9982708002207801
  399947.1763683753670193     656.3216902145296672       1.0024948301725090
  400547.6976542136981152     656.3216509266526373       0.9995081673259847
  401148.2189400521456264     656.3216578444648803       1.0011016497155651
  401748.7402258905349299     656.3216632773028323       0.9934306680224836
  402349.2615117289242335     656.3216613874113818       1.0004555588238873
  402949.7827975673717447     656.3215830844849279       1.0000120627373690
  403550.3040834057028405     656.3216747598933125       1.0008516286616214
  404150.8253692441503517     656.3216183110827160       1.0037281077820808
  404751.3466550825396553     656.3216433374919916       1.0015688767889515
  405351.8679409209289588     656.3216225242053952       0.9992310764500871
  405952.3892267593764700     656.3216089960343425       0.9992627130122855
  406552.9105125977075659     656.3215806491270996       0.9974373099394143
  407153.4317984360968694     656.3216100963909412       1.0013316284166649
  407753.9530842745443806     656.3216194732467557       0.9967204686254263
  408354.4743701129336841     656.3216004627131497       0.9952739770524204
  408954.9956559513811953     656.3215799594530608       1.0015211938880384
  409555.5169417897704989     656.3215884764582597       1.0009683266398497
  410156.0382276281015947     656.3216010781293335       1.0028883691411465
  410756.5595134665491059     656.3216067090837669       1.0046913973055780
  411357.0807993049384095     656.3215996520264071       0.9955065124668181
  411957.6020851433859207     656.3215761037072298       1.0013504454400390
  412558.1233709817752242     656.3215668369525702       1.0014343612128869
  413158.6446568201063201     656.3215753597610274       1.0026302260812372
  413759.1659426585538313     656.3215632310178762       1.0020663950126618
  414359.6872284969431348     656.3215758886743743       0.9984104071045294
  414960.2085143353906460     656.3215820758380232       0.9995748729852494
  415560.7298001737799495     656.3215814346007164       1.0030794993508607
  416161.2510860121110454     656.3215612561936041       0.9985658924560994
  416761.7723718505585566     656.3215341138302392       0.9993112365482375
  417362.2936576889478602     656.3214854397940599       0.9961161275859922
  417962.8149435273953713     656.3215518696140407       0.9980787480017170
  418563.3362293657846749     656.3215291076680842       1.0011760551715270
  419163.8575152041739784     656.3215553549878223       0.9924939293414354
  419764.3788010426214896     656.3215234492885202       0.9969641696661711
  420364.9000868809525855     656.3214961588873848       1.0018406132003292
  420965.4213727193418890     656.3215070119341590       0.9959084126166999
  421565.9426585577894002     656.3215146507679947       0.9984023446450010
  422166.4639443961787038     656.3215277943342016       0.9961367957293987
  422766.9852302346262150     656.3214774976547687       1.0005320402560756
  423367.5065160729573108     656.3215183429721264       1.0070712720043957
  423968.0278019113466144     656.3215121136789776       0.9981203115312383
  424568.5490877497941256     656.3215202339804364       1.0012386463349685
  425169.0703735881834291     656.3215105880165083       1.0044277324341238
  425769.5916594266309403     656.3215004393642857       1.0026918707881123
  426370.1129452649620362     656.3215054859870179       0.9945430881343782
  426970.6342311033513397     656.3215197083205794       0.9986310353269801
  427571.1555169417988509     656.3214656343830029       1.0025336998514831
  428171.6768027801881544     656.3214685215756390       1.0026339620817453
  428772.1980886186356656     656.3215249527761443       0.9996383403486107
  429372.7193744570249692     656.3214825665642138       1.0005624208715744
  429973.2406602953560650     656.3214641302270138       0.9973125662654638
  430573.7619461338035762     656.3214821281824243       1.0040855072438717
  431174.2832319721928798     656.3214412274484175       0.9965928411111236
  431774.8045178105821833     656.3214242713717113       1.0005246759392321
  432375.3258036490296945     656.3214598989153501       0.9986711143283173
  432975.8470894873607904     656.3214557022853342       1.0011249659582973
  433576.3683753258083016     656.3214309573522769       0.9956775833852589
  434176.8896611641976051     656.3214325526834045       1.0028772302903235
  434777.4109470025869086     656.3214486876585170       1.0004098711360712
  435377.9322328410344198     656.3214493273841299       0.9967586731072515
  435978.4535186793655157     656.3214536506137620       0.9982043347554281
  436578.9748045178130269     656.3214544654356359       1.0023874603211880
  437179.4960903562023304     656.3214426221636586       1.0035356329753995
  437780.0173761945916340     656.3214320142950555       0.9981965536717325
  438380.5386620330391452     656.3214379600551638       0.9954028502106667
  438981.0599478714284487     656.3214363601920240       0.9995971153839491
  439581.5812337098759599     656.3214433482579580       1.0001230249326909
  440182.1025195482070558     656.3214533663375505       1.0020332066342235
  440782.6238053865963593     656.3214343480718753       0.9964830223470926
  441383.1450912250438705     656.3214188961904938       1.0046121347695589
  441983.6663770634331740     656.3214400450831363       1.0014176726108417
  442584.1876629018806852     656.3214241466882868       0.9985498894238845
  443184.7089487402117811     656.3214516298525041       0.9995833573630080
  443785.2302345786010846     656.3214172435435785       0.9972781771793962
  444385.7515204170485958     656.3214007710712394       0.9971346240490675
  444986.2728062554378994     656.3214177307013415       1.0024359542876482
  445586.7940920937689953     656.3214203256230803       0.9951141797937453
  446187.3153779322165065     656.3214338256410656       1.0012248527491465
  446787.8366637706058100     656.3214176227377266       0.9934756867587566
  447388.3579496090533212     656.3213947338455228       1.0072378371842206
  447988.8792354474426247     656.3213726622302602       1.0051503488793969
  448589.4005212858319283     656.3214081459608451       1.0020882172975689
  449189.9218071242794394     656.3214009835756997       1.0023806574754417
  449790.4430929626105353     656.3213720933705417       0.9909823192283511
  450390.9643788010580465     656.3213916869106015       1.0062227328307927
  450991.4856646394473501     656.3214464435513946       0.9959964612498879
  451592.0069504778366536     656.3214028561819759       1.0015451087383553
  452192.5282363162841648     656.3213744276049511       0.9990317659103312
  452793.0495221546152607     656.3214375217174847       0.9983691006200388
  453393.5708079930627719     656.3213836754961221       1.0018140770262107
  453994.0920938314520754     656.3213668750465786       1.0024630203843117
  454594.6133796698413789     656.3213817037795934       0.9978681174106896
  455195.1346655082888901     656.3214021427149873       1.0016211852198467
  455795.6559513466199860     656.3213786555106708       0.9987082132138312
  456396.1772371850092895     656.3213579560796234       1.0000814901650301
  456996.6985230234568007     656.3214045393460765       0.9980990801705047
  457597.2198088618461043     656.3214039045763002       1.0006647681002505
  458197.7410947002936155     656.3213894448190331       0.9979653561022133
  458798.2623805386829190     656.3213895032895380       0.9973702654242516
  459398.7836663770140149     656.3213906355332483       0.9948308658786118
  459999.3049522154615261     656.3213641425160176       0.9971693051047623
  460599.8262380538508296     656.3213736661147095       0.9999944693031466
  461200.3475238922983408     656.3214039213426076       1.0014026467688382
  461800.8688097306876443     656.3213712718079478       0.9970876278821379
  462401.3900955690187402     656.3214141078550483       0.9999971331728830
  463001.9113814074662514     656.3214034488868265       0.9968678159639239
  463602.4326672458555549     656.3213664508003831       0.9945831350050867
  464202.9539530843030661     656.3213919040698556       0.9986028728308156
  464803.4752389226923697     656.3214047666733677       1.0022622172255069
  465403.9965247610234655     656.3213858137503394       0.9988451378885657
  466004.5178105995291844     656.3214056829582432       1.0010732071241364
  466605.0390964378602803     656.3213630755802797       1.0041671949438751
  467205.5603822762495838     656.3214310371070042       1.0004471540742088
  467806.0816681146970950     656.3214320185879842       1.0011078423121944
  468406.6029539530863985     656.3213524429950212       0.9995698641578201
  469007.1242397915339097     656.3213921318634902       0.9981275055324659
  469607.6455256298650056     656.3214095626472044       0.9958018856123090
  470208.1668114682543091     656.3213629751390954       1.0041406317614019
  470808.6880973067018203     656.3213914839495828       1.0003631449653767
  471409.2093831450911239     656.3214237742232626       0.9982484244974330
  472009.7306689835386351     656.3213952276016698       1.0008962334832177
  472610.2519548218697309     656.3214207097681765       1.0000236456617131
  473210.7732406602590345     656.3213947484098298       0.9993375136982650
  473811.2945264987065457     656.3213664222114403       1.0005542464787140
  474411.8158123370958492     656.3213806654251812       1.0016505507519469
  475012.3370981755433604     656.3214270137032145       1.0044966288842261
  475612.8583840139326639     656.3213715417814456       1.0028826643247157
  476213.3796698522637598     656.3213983143358519       1.0007131950696930
  476813.9009556907112710     656.3214161191650646       0.9954758347012103
  477414.4222415291005746     656.3214208416270594       0.9955818667076528
  478014.9435273675480857     656.3214397190226919       1.0007558246143162
  478615.4648132059373893     656.3214206675568221       0.9999039017493487
  479215.9860990442684852     656.3213989978476093       1.0028533400036395
  479816.5073848827159964     656.3213835080081253       1.0011266509536654
  480417.0286707211052999     656.3214161361138395       1.0033690254203975
  481017.5499565594946034     656.3214013754565030       1.0013781348243356
  481618.0712423979421146     656.3214147509867189       0.9940427937544882
  482218.5925282362732105     656.3214138244732112       1.0035325405187905
  482819.1138140747207217     656.3214103158717307       1.0012151685077697
  483419.6350999131100252     656.3214699263228340       1.0054508601315320
  484020.1563857514993288     656.3214193948676893       0.9965278566814959
  484620.6776715899468400     656.3214418872488523       0.9961198943201452
  485221.1989574283361435     656.3213914785143288       0.9978599990718067
  485821.7202432667836547     656.3214468937233050       1.0001985393464565
  486422.2415291051147506     656.3214908430514924       0.9960201578214765
  487022.7628149435040541     656.3214375508235889       0.9963992431294173
  487623.2841007819515653     656.3214369450465711       0.9979129710700363
  488223.8053866203408688     656.3214722150908074       1.0024246126413345
  488824.3266724587883800     656.3215099401407997       0.9977886087726802
  489424.8479582971194759     656.3214669774846470       0.9971339404582977
  490025.3692441355087794     656.3214468619637501       1.0040850262157619
  490625.8905299739562906     656.3214600936267971       1.0026562726125121
  491226.4118158123455942     656.3214235573797168       1.0025982491206378
  491826.9331016506766900     656.3215033350288650       1.0026566125452518
  492427.4543874891242012     656.3214874982242009       1.0048189065419137
  493027.9756733275135048     656.3214275720829392       0.9972335982602090
  493628.4969591659610160     656.3214555773403163       1.0038686420302838
  494229.0182450043503195     656.3214621869904022       0.9972969659138471
  494829.5395308427396230     656.3214915583317861       0.9989852291764691
  495430.0608166811871342     656.3214802383607775       1.0002172587119276
  496030.5821025195182301     656.3214653999585835       1.0046873623505235
  496631.1033883579657413     656.3214988541665207       0.9991866071359254
  497231.6246741963550448     656.3215206830190027       1.0042122127488256
  497832.1459600347443484     656.3214676772912526       1.0043651000596583
  498432.6672458731918596     656.3215063314127065       1.0017074043862522
  499033.1885317115229554     656.3215208360239785       0.9994196443585679
  499633.7098175499704666     656.3214505075851548       1.0021789283491671
  500234.2311033883597702     656.3214782629476076       0.9981180056929588
  500834.7523892267490737     656.3215419135810862       1.0005968197365291
  501435.2736750651965849     656.3215544185358112       0.9993298828485422
  502035.7949609035276808     656.3214882078451637       0.9981692802393809
  502636.3162467419751920     656.3215443858582603       0.9985935564618558
  503236.8375325803644955     656.3215271870975585       1.0034260060638189
  503837.3588184187537991     656.3215366026727224       1.0024498461280018
  504437.8801042572013102     656.3215233117828120       1.0036490999627858
  505038.4013900955906138     656.3215458679454741       1.0007883454672992
  505638.9226759339217097     656.3215102333765572       0.9992046663537621
  506239.4439617723692209     656.3215629382435736       0.9994826900074258
  506839.9652476107585244     656.3215288183408802       0.9974481828976423
  507440.4865334492060356     656.3215811371251220       1.0025256758090109
  508041.0078192875953391     656.3215202084244311       0.9971438895445317
  508641.5291051259264350     656.3215820303674946       0.9960438995622098
  509242.0503909643739462     656.3215836249410131       1.0018442152068019
  509842.5716768027632497     656.3215687393681037       1.0016176585340872
  510443.0929626412107609     656.3216029107353506       0.9967025236692280
  511043.6142484796000645     656.3215842177885406       0.9985757067333907
  511644.1355343179311603     656.3216315699289680       1.0034892631229013
  512244.6568201563786715     656.3215402287249844       1.0023821389768273
  512845.1781059947679751     656.3216179840003406       1.0025509968400002
  513445.6993918332154863     656.3215916260606946       0.9997516704897862
  514046.2206776716047898     656.3215974206202645       1.0022599378135055
  514646.7419635099940933     656.3216119138913882       1.0001831185363699
  515247.2632493484416045     656.3216195124750811       0.9962207076605409
  515847.7845351867727004     656.3215668252978503       0.9984583139885217
  516448.3058210251620039     656.3216130854755193       1.0035264433827251
  517048.8271068636095151     656.3215905426785639       0.9992320056771860
  517649.3483927019988187     656.3216565958128967       1.0033272549044341
  518249.8696785404463299     656.3216175212661483       1.0031812691595405
  518850.3909643787774257     656.3216400447670367       1.0011127931065857
  519450.9122502171667293     656.3216397553362640       0.9948291191831231
  520051.4335360556142405     656.3216635251095568       1.0052463710308075
  520651.9548218940035440     656.3216043058015430       0.9998091914894758
  521252.4761077324510552     656.3216864154807126       0.9970497493632138
  521852.9973935707821511     656.3216513704272757       1.0048525766469538
  522453.5186794091714546     656.3216684728678274       1.0011465331772342
  523054.0399652476189658     656.3216356031342684       1.0061155310831964
  523654.5612510860082693     656.3216784327582900       0.9995995660719927
  524255.0825369244557805     656.3216654613419223       1.0004029138945043
  524855.6038227628450841     656.3216862690287599       0.9981745348777622
  525456.1251086011761799     656.3216791885015482       0.9997918011213187
  526056.6463944396236911     656.3216718425413774       0.9968077160883695
  526657.1676802779547870     656.3216958593043273       0.9972959891892970
  527257.6889661164022982     656.3216599080579954       0.9993657196755521
  527858.2102519548498094     656.3217364202477029       1.0001957277854672
  528458.7315377931809053     656.3216874858356960       1.0003121276095044
  529059.2528236316284165     656.3217017421804940       1.0028613521717489
  529659.7741094700759277     656.3217653115996200       1.0045058713294566
  530260.2953953084070235     656.3217183906297123       0.9977312583941966
  530860.8166811468545347     656.3217190475579628       1.0050887768156826
  531461.3379669851856306     656.3216828372263763       1.0003383991424926
  532061.8592528236331418     656.3217606151238215       1.0019774721004069
  532662.3805386620806530     656.3217185784577623       0.9991062594344839
  533262.9018245004117489     656.3217512021673201       1.0055556925944984
  533863.4231103388592601     656.3217680879466798       1.0002961645659525
  534463.9443961771903560     656.3217893347002700       1.0012138745514676
  535064.4656820156378672     656.3217747546583496       0.9980573030188680
  535664.9869678540853783     656.3217528939369458       0.9981812475016341
  536265.5082536924164742     656.3217500960673760       1.0006930239032954
  536866.0295395308639854     656.3217810521227875       1.0011013762559742
  537466.5508253691950813     656.3217788549806073       0.9995531175518408
  538067.0721112076425925     656.3218136137306828       0.9959487426094711
  538667.5933970460901037     656.3218055155075490       1.0005406822892837
  539268.1146828844211996     656.3218399902411875       0.9997295833018143
  539868.6359687228687108     656.3217808126584032       0.9941695225425065
  540469.1572545611998066     656.3218164357328988       1.0004438699688762
  541069.6785403996473178     656.3218082550312147       0.9975175687577575
  541670.1998262380948290     656.3218156615646421       1.0012726235436276
  542270.7211120764259249     656.3218320036534124       0.9861975359351277
  542871.2423979148734361     656.3218432243093048       0.9849682004094187
  543471.7636837532045320     656.3218551442907938       0.9786647007184632
  544072.2849695916520432     656.3218592780002609       0.9785414369160839
  544672.8062554300995544     656.3218577587858817       0.9812743021956243
  545273.3275412684306502     656.3218794281766577       0.9800398846472211
  545873.8488271068781614     656.3218860867947342       0.9770890971029706
  546474.3701129452092573     656.3218647584014889       0.9800305066945560
  547074.8913987836567685     656.3218758513373814       0.9831538701163203
  547675.4126846221042797     656.3218674653278413       0.9838706707140494
  548275.9339704604353756     656.3218763194339544       0.9814380706137575
  548876.4552562988828868     656.3218897678688108       0.9831468780956760
  549476.9765421373303980     656.3218613230533265       0.9861671387533255
  550077.4978279756614938     656.3218760136309129       0.9884257952997990
  550678.0191138141090050     656.3218995013050971       0.9828410985263594
  551278.5403996524401009     656.3219205073193052       0.9855088709936075
  551879.0616854908876121     656.3219315521303088       0.9768255966099508
  552479.5829713293351233     656.3219260678094997       0.9872437164502748
  553080.1042571676662192     656.3219175546572615       0.9957505646390535
  553680.6255430061137304     656.3219576867400065       0.9984191562635825
  554281.1468288444448262     656.3219229370572521       0.9988927026279271
  554881.6681146828923374     656.3218831372340674       0.9992721695452929
  555482.1894005213398486     656.3219414390115389       1.0026531952898949
  556082.7106863596709445     656.3219803776592016       0.9996061789861415
  556683.2319721981184557     656.3219418938228955       1.0005070359329693
  557283.7532580364495516     656.3219627874790376       1.0013827880611643
  557884.2745438748970628     656.3219820216551170       0.9987995724659413
  558484.7958297133445740     656.3219840685015924       1.0034811669029295
  559085.3171155516756698     656.3219774984386277       0.9974885424599051
  559685.8384013901231810     656.3220104462428708       0.9969680409412831
  560286.3596872284542769     656.3219810150111471       1.0032342022750527
  560886.8809730669017881     656.3219806013548805       0.9928120551630855
  561487.4022589053492993     656.3220170117832595       0.9965158211998641
  562087.9235447436803952     656.3220177485662816       0.9990400977549143
  562688.4448305821279064     656.3220135177410839       1.0034499031025916
  563288.9661164204590023     656.3220168156199179       0.9988881909521297
  563889.4874022589065135     656.3220371909065989       1.0007788543007337
  564490.0086880973540246     656.3220157524613114       0.9956450052559376
  565090.5299739356851205     656.3220421686180543       0.9973937554750592
  565691.0512597740162164     656.3220342365816578       1.0007613470079377
  566291.5725456124637276     656.3220472037612581       1.0090312231332064
  566892.0938314509112388     656.3220403024469078       0.9976925561204553
  567492.6151172893587500     656.3220764162094838       1.0014101513661444
  568093.1364031276898459     656.3220622470535091       1.0000202917271963
  568693.6576889661373571     656.3220863788872066       1.0006841017748229
  569294.1789748045848683     656.3220378761466236       0.9992312410031445
  569894.7002606429159641     656.3220211344330437       1.0019221929833293
  570495.2215464813634753     656.3220867864951060       1.0000760217299103
  571095.7428323196945712     656.3220814883960657       0.9992119052330963
  571696.2641181581420824     656.3220737468515154       1.0029587694443762
  572296.7854039965895936     656.3220701297564119       0.9976131890434772
  572897.3066898349206895     656.3220966150124696       1.0041186478920281
  573497.8279756733682007     656.3221012211811285       1.0001152494514827
  574098.3492615116992965     656.3220869447690120       1.0018104056362063
  574698.8705473501468077     656.3221388598104795       1.0037948668468744
  575299.3918331885943189     656.3221205866990431       0.9966349920723587
  575899.9131190269254148     656.3220791092364834       1.0029263428878039
  576500.4344048652565107     656.3221232035259618       0.9960698592476547
  577100.9556907037040219     656.3221051760390310       0.9987753578461707
  577701.4769765421515331     656.3221411485928911       0.9989444975508377
  578301.9982623805990443     656.3221355065852549       0.9966836206149310
  578902.5195482189301401     656.3221412848604359       0.9955923794768751
  579503.0408340572612360     656.3221386572380425       0.9983728369697928
  580103.5621198957087472     656.3221639457394758       0.9959583664312959
  580704.0834057341562584     656.3221618177489063       1.0002578261482995
  581304.6046915726037696     656.3221688879031035       1.0019954852759838
  581905.1259774109348655     656.3221261539403031       0.9936402169987559
  582505.6472632492659613     656.3221766309324039       0.9971295956056565
  583106.1685490877134725     656.3221547857266387       1.0055090296082199
  583706.6898349261609837     656.3221619382655945       0.9973431748803705
  584307.2111207646084949     656.3221656797392143       1.0024233879521489
  584907.7324066029395908     656.3221823019908925       0.9972156954463571
  585508.2536924413871020     656.3222101740639118       0.9977437669876963
  586108.7749782798346132     656.3221722136628387       1.0043032830581069
  586709.2962641181657091     656.3221733701810763       1.0081236911937594
  587309.8175499566132203     656.3221926765260150       0.9999488879075216
  587910.3388357949443161     656.3222004082044805       1.0047802957706153
  588510.8601216333918273     656.3222264582776688       0.9979247951414436
  589111.3814074718393385     656.3222117889151832       0.9975997305009514
  589711.9026933101704344     656.3222225482164731       1.0006920334999450
  590312.4239791485015303     656.3222272218321223       0.9972460330463946
  590912.9452649869490415     656.3222372304350074       1.0061535532586277
  591513.4665508253965527     656.3222158200396734       1.0024895551614463
  592113.9878366638440639     656.3222441211369187       0.9997038519941270
  592714.5091225021751598     656.3222535214515574       0.9992745380150154
  593315.0304083405062556     656.3222354696380307       0.9964878035243601
  593915.5516941789537668     656.3222599034696714       1.0044999159872532
  594516.0729800174012780     656.3222545927918645       0.9993945727474056
  595116.5942658558487892     656.3222832395782689       1.0035797427408397
  595717.1155516941798851     656.3222407622685068       1.0029366333037615
  596317.6368375325109810     656.3222065707496995       1.0033941632136703
  596918.1581233709584922     656.3222491221248447       1.0004054544842802
  597518.6794092094060034     656.3222803790494027       1.0040209633298218
  598119.2006950478535146     656.3222469571979900       1.0008903311099857
  598719.7219808861846104     656.3222615499729500       1.0015405698213726
  599320.2432667245157063     656.3222692370566165       1.0014741212362424
  599920.7645525629632175     656.3222796605990652       0.9988683246774599
  600521.2858384014107287     656.3223029905624344       1.0022187777794898
  601121.8071242397418246     656.3223107719472864       0.9961599286179990
  601722.3284100781893358     656.3222589222177703       1.0007725769537501
  602322.8496959165204316     656.3222580598566083       1.0037338517140597
  602923.3709817549679428     656.3222732977560554       0.9999628096775268
  603523.8922675934154540     656.3222859683738761       0.9930308167822659
  604124.4135534317465499     656.3222303754703262       1.0031310077756643
  604724.9348392701940611     656.3223055227045961       1.0001401198387612
  605325.4561251086415723     656.3223300137267415       0.9965799052733928
  605925.9774109470890835     656.3223120773000119       1.0009552515111864
  606526.4986967854201794     656.3223118398468614       0.9966190357226878
  607127.0199826237512752     656.3223159261360706       0.9975981686729938
  607727.5412684621987864     656.3222648684538854       1.0029111697804183
  608328.0625543006462976     656.3222943420527145       0.9971988347824663
  608928.5838401390938088     656.3223216574431262       1.0027905169408768
  609529.1051259774249047     656.3223155935521618       0.9963391432538629
  610129.6264118157560006     656.3223415884169754       1.0003761824627873
  610730.1476976542035118     656.3222994497699574       0.9982517883181572
  611330.6689834926510230     656.3223196288098507       0.9961550559382886
  611931.1902693310985342     656.3223494446740460       0.9989393891301006
  612531.7115551694296300     656.3223174491987493       0.9980995104415342
  613132.2328410077607259     656.3223264204433463       1.0005557710537687
  613732.7541268462082371     656.3223189692205324       1.0030415600631386
  614333.2754126846557483     656.3223182646423766       0.9976066760718822
  614933.7966985229868442     656.3223331637532283       1.0005742551293224
  615534.3179843614343554     656.3223499433179313       1.0030310002621263
  616134.8392701997654513     656.3223444372449649       0.9990823714761063
  616735.3605560382129624     656.3223532623911751       0.9982510976260528
  617335.8818418766604736     656.3223416491924809       0.9995601520931814
  617936.4031277149915695     656.3223204069919348       1.0058023072779179
  618536.9244135534390807     656.3223499663185976       1.0071611348539591
  619137.4456993917701766     656.3223360663184849       0.9998962550162105
  619737.9669852302176878     656.3223414167290457       1.0020330008119345
  620338.4882710686651990     656.3223401130654793       0.9893245454877615
  620939.0095569069962949     656.3223313187472741       1.0015102592296898
  621539.5308427454438061     656.3223992322424465       0.9989204707089812
  622140.0521285837749019     656.3223790404657620       1.0012256753398106
  622740.5734144222224131     656.3223205500599988       0.9956279406324029
  623341.0947002606699243     656.3223570894457453       1.0049851299263537
  623941.6159860990010202     656.3223352625064990       1.0018291303422302
  624542.1372719374485314     656.3223397143220836       0.9988387057092041
  625142.6585577758960426     656.3223247908633766       0.9972184922080487
  625743.1798436142271385     656.3223990842950570       0.9976100178901106
  626343.7011294526746497     656.3223274297150738       1.0007588367443532
  626944.2224152910057455     656.3224005553397546       1.0027788318693638
  627544.7437011294532567     656.3223862662724741       0.9961674828082323
  628145.2649869679007679     656.3223527918786431       0.9951666849665344
  628745.7862728062318638     656.3223901662551043       1.0056917183101177
  629346.3075586446793750     656.3223720825544660       0.9971986203454435
  629946.8288444830104709     656.3223709597566540       1.0010960405925289
  630547.3501303214579821     656.3223631593145910       1.0013682800345123
  631147.8714161599054933     656.3223859281672503       1.0044251731596887
  631748.3927019982365891     656.3223845145134874       0.9997759863908868
  632348.9139878366841003     656.3223364759077185       0.9980430237483233
  632949.4352736750151962     656.3223913526410342       0.9982513525756076
  633549.9565595134627074     656.3223501809638947       1.0040973289869726
  634150.4778453519102186     656.3223530312583307       0.9958548704162240
  634750.9991311902413145     656.3223948459085477       0.9997181103681214
  635351.5204170286888257     656.3223864722842791       0.9988701569382101
  635952.0417028670199215     656.3223816931326837       1.0030613706912845
  636552.5629887054674327     656.3223648034406779       1.0009846924804151
  637153.0842745439149439     656.3223348737097922       1.0010496170725673
  637753.6055603822460398     656.3223610010818447       0.9984265044331551
  638354.1268462206935510     656.3223555099436908       0.9949941504746675
  638954.6481320590246469     656.3223631351219183       1.0001453094737371
  639555.1694178974721581     656.3223588092459977       1.0042203459888697
  640155.6907037359196693     656.3223389889361670       1.0015928702196106
  640756.2119895742507651     656.3223569711734626       0.9977818622719496
  641356.7332754126982763     656.3223313369920788       0.9977093029301614
  641957.2545612510293722     656.3223608640785187       1.0032847784459591
  642557.7758470894768834     656.3223339919433101       1.0011878981022164
  643158.2971329279243946     656.3223641239362678       1.0015222469810396
  643758.8184187662554905     656.3223173739521599       0.9969740214291960
  644359.3397046047030017     656.3223591679422952       0.9970899152103812
  644959.8609904431505129     656.3223391807863436       0.9991950722178444
  645560.3822762814816087     656.3223578967016465       1.0043167322874069
  646160.9035621199291199     656.3223543463614078       0.9993329963763244
  646761.4248479582602158     656.3223626362163259       1.0005663523916155
  647361.9461337967077270     656.3223354855111893       0.9976591316517442
  647962.4674196351552382     656.3223804512783772       0.9976411231327802
  648562.9887054734863341     656.3223352155050634       0.9990128026111051
  649163.5099913119338453     656.3223630371172703       1.0027512444648892
  649764.0312771502649412     656.3223532574050978       1.0012312949402258
  650364.5525629887124524     656.3223469866237565       0.9976885998621583
  650965.0738488271599635     656.3223690850178400       0.9997611367289210
  651565.5951346654910594     656.3223164735618411       1.0016814453992993
  652166.1164205039385706     656.3223269110378624       0.9999800806672283
  652766.6377063422696665     656.3223303048655453       0.9999089162665769
  653367.1589921807171777     656.3223026078047724       0.9979853197000921
  653967.6802780191646889     656.3223790947996577       1.0062768510542810
  654568.2015638574957848     656.3223368872405672       0.9988679253729060
  655168.7228496959432960     656.3223196003774547       0.9985275798244402
  655769.2441355342743918     656.3222994572271318       0.9993818816728890
  656369.7654213727219030     656.3223361834408252       1.0016249112086371
  656970.2867072111694142     656.3223214221950457       0.9952037897892296
  657570.8079930495005101     656.3223221611709732       0.9970679935067892
  658171.3292788879480213     656.3222808254012079       0.9917399398982525
  658771.8505647262791172     656.3222935011898471       0.9938792153261602
  659372.3718505647266284     656.3222838211270300       1.0037436592392623
  659972.8931364031741396     656.3222802607837139       0.9972363689448684
  660573.4144222415052354     656.3223046390501167       0.9989148941822350
  661173.9357080798363313     656.3222898082914298       0.9967797498684376
  661774.4569939182838425     656.3223009766450105       1.0034213745966554
  662374.9782797567313537     656.3222874843413592       0.9960019425489008
  662975.4995655951788649     656.3222876342682639       1.0012901424197480
  663576.0208514335099608     656.3223003357601328       0.9975890738423914
  664176.5421372719574720     656.3222664197481890       0.9989041694207117
  664777.0634231104049832     656.3222791193154535       1.0027677465695888
  665377.5847089487360790     656.3223001117931972       1.0022978268098086
  665978.1059947871835902     656.3223576383917361       1.0020237902645022
  666578.6272806255146861     656.3222893247444745       1.0067866640165448
  667179.1485664639621973     656.3222879626001713       1.0019727607723325
  667779.6698523024097085     656.3222669950214367       0.9966541696339846
  668380.1911381407408044     656.3222673828388452       0.9951557419262826
  668980.7124239791883156     656.3222767478420110       0.9982955616433173
  669581.2337098175194114     656.3222525060979251       0.9989207205362618
  670181.7549956559669226     656.3222439481263564       1.0022845258936286
  670782.2762814944144338     656.3222280587657451       0.9983619105769321
  671382.7975673327455297     656.3222654871811983       1.0066857677884400
  671983.3188531711930409     656.3222178101486861       0.9976306878961623
  672583.8401390095241368     656.3222706013689276       0.9984882844146341
  673184.3614248479716480     656.3222238551719556       0.9976301370188594
  673784.8827106864191592     656.3222090965999769       1.0010411128168926
  674385.4039965247502550     656.3222467336898944       0.9965697070583701
  674985.9252823630813509     656.3222447451287280       0.9981581887695938
  675586.4465682015288621     656.3222383468058752       0.9989892336307094
  676186.9678540399763733     656.3221959286165657       0.9998392050620168
  676787.4891398784238845     656.3222525330144208       1.0007819820311852
  677388.0104257167549804     656.3222249690868466       0.9946459829807281
  677988.5317115550860763     656.3221924716729063       1.0044331504032016
  678589.0529973935335875     656.3222131754286011       0.9899983974173665
  679189.5742832319810987     656.3222440916608775       1.0007838126621209
  679790.0955690704286098     656.3222058763279847       0.9976674045901746
  680390.6168549087597057     656.3222038588454552       0.9985062618507072
  680991.1381407470908016     656.3221938508210087       0.9986395072191954
  681591.6594265855383128     656.3222083950114438       0.9961315111722797
  682192.1807124239858240     656.3221921244934265       0.9983002401422709
  682792.7019982624333352     656.3221886257975939       1.0032841414213181
  683393.2232841007644311     656.3221612576422785       1.0037759942933917
  683993.7445699392119423     656.3221669718017210       0.9965091797057539
  684594.2658557776594535     656.3221896339352952       1.0014190964866430
  685194.7871416159905493     656.3221780933429272       0.9931942494586110
  685795.3084274543216452     656.3221207184789137       1.0008437092183158
  686395.8297132927691564     656.3221605015856994       0.9992323451442644
  686996.3509991312166676     656.3221446568001056       1.0028694008942693
  687596.8722849696641788     656.3221743148483256       1.0020125436130911
  688197.3935708079952747     656.3221394135904347       1.0021180722396821
  688797.9148566463263705     656.3221243967298051       1.0070514511317015
  689398.4361424847738817     656.3221388260948288       1.0042436621151865
  689998.9574283232213929     656.3221587658803173       1.0024270166177303
  690599.4787141616689041     656.3221498270280563       0.9978704301174730
  691200.0000000000000000     656.3221101646325906       1.0005969367921352
