       0.0000000000000000     658.0500810885095007       1.0033131160307676
     601.0434782608696196     658.0501191041182665       1.0008128799381666
    1202.0869565217392392     658.0500895300452839       0.9974143905565143
    1803.1304347826087451     658.0499867759552899       1.0000343152350979
    2404.1739130434784784     658.0499812762861893       0.9975384962745011
    3005.2173913043479843     658.0499357651964374       1.0015457152621821
    3606.2608695652174902     658.0499050790293722       0.9992841218481772
    4207.3043478260869961     658.0498924315207887       1.0017033241456375
    4808.3478260869569567     658.0498616330507957       0.9984175304416567
    5409.3913043478269174     658.0497767790767512       1.0064708772115409
    6010.4347826086959685     658.0497329150227870       0.9993140599108301
    6611.4782608695650197     658.0497219668890239       0.9944578367285430
    7212.5217391304349803     658.0496929679850382       1.0036961494479328
    7813.5652173913049410     658.0496939424139100       1.0045462092384696
    8414.6086956521739921     658.0496244541517399       1.0017613879172131
    9015.6521739130421338     658.0495918125202479       0.9990980368456803
    9616.6956521739139134     658.0495751395535535       1.0002874862693716
   10217.7391304347820551     658.0495357819420406       1.0039159073494375
   10818.7826086956538347     658.0494683631407042       1.0031663205008954
   11419.8260869565201574     658.0494478571341688       1.0040529360994697
   12020.8695652173919370     658.0494498620566901       1.0001071583828889
   12621.9130434782618977     658.0493878313402547       1.0013775253901258
   13222.9565217391300394     658.0493752937777572       1.0024741229135543
   13824.0000000000000000     658.0493322607966320       1.0056696124374866
   14425.0434782608699606     658.0493064316239042       0.9991452760295942
   15026.0869565217381023     658.0492641300847936       0.9999890922636041
   15627.1304347826098819     658.0492455039674269       0.9949154863134027
   16228.1739130434780236     658.0492019754523199       1.0022014384157956
   16829.2173913043479843     658.0491948617393518       0.9969265356194228
   17430.2608695652197639     658.0491450922263539       0.9988326691091061
   18031.3043478260842676     658.0491063241935308       0.9998843817156740
   18632.3478260869560472     658.0491246195481381       1.0031630035955459
   19233.3913043478278269     658.0490319923409288       1.0011528187897056
   19834.4347826086959685     658.0490658086384883       0.9959731702692807
   20435.4782608695641102     658.0489789453996536       0.9997794693917967
   21036.5217391304358898     658.0489709280144552       0.9967745016328990
   21637.5652173913076695     658.0489278721665869       0.9947093464434147
   22238.6086956521758111     658.0489579152900887       0.9990848397719674
   22839.6521739130403148     658.0489041347287866       1.0008773081935942
   23440.6956521739157324     658.0488855780013182       1.0039439192041755
   24041.7391304347838741     658.0488413255675368       0.9980881434166804
   24642.7826086956520157     658.0487959524184589       0.9995659776614048
   25243.8260869565237954     658.0488124572784727       1.0059905336238444
   25844.8695652173919370     658.0487879337180175       1.0021547889336944
   26445.9130434782600787     658.0487541265691789       0.9980499099474400
   27046.9565217391318583     658.0487250036692330       1.0005580162978731
   27648.0000000000000000     658.0487295157096241       1.0021542399190366
   28249.0434782608681417     658.0487070025400271       1.0018113383557647
   28850.0869565217399213     658.0486637037892024       1.0000037990657802
   29451.1304347826080630     658.0486303609604875       1.0016160905361176
   30052.1739130434762046     658.0486302830547629       0.9972028883639723
   30653.2173913043443463     658.0486717213286738       1.0014613207895309
   31254.2608695652197639     658.0485953980879685       0.9996401894313749
   31855.3043478260879056     658.0485957023631727       0.9973066430538893
   32456.3478260869560472     658.0485568837938217       0.9954843008890748
   33057.3913043478241889     658.0485827663143255       0.9991695637581870
   33658.4347826086959685     658.0485505269381292       1.0009862764272839
   34259.4782608695604722     658.0485437556443458       0.9988440697779879
   34860.5217391304395278     658.0485572991639174       1.0033172266557813
   35461.5652173913040315     658.0485390671561845       1.0004528657300398
   36062.6086956521685352     658.0485029534540899       0.9965754235163331
   36663.6521739130475908     658.0485394322452066       0.9959285971708596
   37264.6956521739120944     658.0484889495862717       1.0017976164817810
   37865.7391304347838741     658.0484612973084495       0.9959059776738286
   38466.7826086956556537     658.0484960796355836       1.0071127433329821
   39067.8260869565201574     658.0484871305460501       1.0006647903937846
   39668.8695652173919370     658.0485047087797739       1.0012749485904351
   40269.9130434782637167     658.0484692129635960       0.9968332566786557
   40870.9565217391282204     658.0484834216412082       1.0041158972308040
   41472.0000000000000000     658.0484545533369101       0.9967935653403401
   42073.0434782608717796     658.0484614923616391       0.9996482035785448
   42674.0869565217362833     658.0484501017454022       0.9970414198469371
   43275.1304347826153389     658.0484382282315892       0.9976351256482303
   43876.1739130434798426     658.0484547604852423       1.0036838811356574
   44477.2173913043516222     658.0484416417637021       0.9955452270805836
   45078.2608695652161259     658.0485142704216059       1.0018666693940759
   45679.3043478260806296     658.0484546324124722       0.9990568406064995
   46280.3478260869524092     658.0484208174711966       0.9973943498916924
   46881.3913043478314648     658.0485152860012477       1.0004664103034884
   47482.4347826086959685     658.0484806905120649       0.9997752833442064
   48083.4782608695677482     658.0484685939495648       0.9973871633410454
   48684.5217391304322518     658.0484885944244979       1.0038510984741151
   49285.5652173913040315     658.0484789634195977       1.0024345915298909
   49886.6086956521685352     658.0485089317007805       0.9993511976208538
   50487.6521739130475908     658.0485529656360768       0.9992322376929224
   51088.6956521739120944     658.0485075778385635       0.9977289007510990
   51689.7391304347838741     658.0485494916031257       0.9991609479766339
   52290.7826086956483778     658.0485914400793490       0.9948238888755441
   52891.8260869565201574     658.0485447289037211       0.9967228556051850
   53492.8695652173846611     658.0485606969647279       1.0004237038374413
   54093.9130434782637167     658.0485764651865566       0.9937115106731653
   54694.9565217391354963     658.0486080486182345       1.0022326903417706
   55296.0000000000000000     658.0486246761645361       0.9937656749971211
   55897.0434782608717796     658.0486165118074950       1.0027641963679343
   56498.0869565217362833     658.0486473271798786       0.9931360245682299
   57099.1304347826080630     658.0486849740041180       0.9972459827549756
   57700.1739130434798426     658.0486891544345553       1.0023136683739722
   58301.2173913043516222     658.0486863066603291       1.0023618747945875
   58902.2608695652161259     658.0486962635055761       1.0028702500276268
   59503.3043478260879056     658.0487414503916170       0.9987752195447683
   60104.3478260869524092     658.0487517688338812       0.9999602703501296
   60705.3913043478241889     658.0487896644028751       0.9978447421453893
   61306.4347826086886926     658.0488056343250491       1.0000937508157222
   61907.4782608695677482     658.0488205159700783       1.0021424635779113
   62508.5217391304395278     658.0488293531370800       0.9980929074808955
   63109.5652173913040315     658.0489400424768291       1.0000988146275631
   63710.6086956521758111     658.0488578119461636       0.9953929325565696
   64311.6521739130403148     658.0489062922233643       1.0059972386807203
   64912.6956521739120944     658.0489076542570501       0.9944101967848837
   65513.7391304347838741     658.0489804250607904       1.0010634745704010
   66114.7826086956483778     658.0489864219174478       0.9981285739922896
   66715.8260869565274334     658.0490211745174065       0.9984991697128862
   67316.8695652173919370     658.0490562832765136       1.0003123138158116
   67917.9130434782564407     658.0491240881166277       0.9955214452929795
   68518.9565217391209444     658.0491105060306154       0.9983033904572949
   69120.0000000000000000     658.0491111112331737       1.0028543896041811
   69721.0434782608790556     658.0491578736581459       1.0009720373200253
   70322.0869565217435593     658.0492257428508083       1.0006004082970321
   70923.1304347826080630     658.0492171585663073       1.0048978785052896
   71524.1739130434725666     658.0492307946385608       1.0001177283993457
   72125.2173913043370703     658.0492920708425117       1.0042730621062219
   72726.2608695652161259     658.0493227533654590       1.0031786477193236
   73327.3043478260951815     658.0493846026251958       1.0057129212655127
   73928.3478260869596852     658.0493706492378578       0.9957547169178724
   74529.3913043478241889     658.0494381561155706       0.9979993836022913
   75130.4347826086886926     658.0494903163778417       0.9955382347106934
   75731.4782608695677482     658.0494935935346348       1.0005005117272958
   76332.5217391304322518     658.0494999308093611       0.9980751214316115
   76933.5652173913113074     658.0495446677000473       1.0013880131300539
   77534.6086956521758111     658.0496295292530249       1.0009062645258382
   78135.6521739130403148     658.0496649315016384       0.9976291179191321
   78736.6956521739048185     658.0496162776815936       1.0071505932137370
   79337.7391304347838741     658.0496989052962817       0.9972732926253229
   79938.7826086956629297     658.0496953628866095       1.0028387350030243
   80539.8260869565274334     658.0497729214963556       0.9990867772721685
   81140.8695652173919370     658.0497997060222133       0.9951114156283438
   81741.9130434782564407     658.0498338558896876       1.0017777039902285
   82342.9565217391354963     658.0498641866328171       0.9899912646772432
   82944.0000000000000000     658.0499195639951040       0.9891839527985334
   83545.0434782608645037     658.0499678558220467       0.9832594393169761
   84146.0869565217435593     658.0499837759917909       0.9852232471689836
   84747.1304347826080630     658.0500230533817785       0.9850960467824966
   85348.1739130434725666     658.0500516439265084       0.9918875802191228
   85949.2173913043516222     658.0500804590421922       0.9900775638757527
   86550.2608695652306778     658.0501205471585990       0.9851048445211977
   87151.3043478260806296     658.0501943851713804       0.9859077991218560
   87752.3478260869596852     658.0502019637669946       0.9853205394697629
   88353.3913043478241889     658.0502604049743240       0.9887870159814388
   88954.4347826087032445     658.0502667673749784       0.9857030954676934
   89555.4782608695677482     658.0503003952439940       0.9909856064128012
   90156.5217391304322518     658.0503323301926457       0.9930218873428435
   90757.5652173913113074     658.0503671623580431       0.9907046636182978
   91358.6086956521612592     658.0504330666809665       0.9985802296670154
   91959.6521739130403148     658.0504458106772745       1.0019108467968181
   92560.6956521739048185     658.0505062611092626       1.0009969184175134
   93161.7391304347838741     658.0505044015401381       1.0000602478976361
   93762.7826086956629297     658.0506003190284900       0.9967121090739965
   94363.8260869565128814     658.0505995228417078       1.0009785953443497
   94964.8695652173919370     658.0506468726849789       0.9996920890989713
   95565.9130434782564407     658.0506576459214330       1.0009797466918826
   96166.9565217391354963     658.0506833776979647       1.0010162986582145
   96768.0000000000145519     658.0507230243846379       1.0031897581648082
   97369.0434782608645037     658.0507783815769471       0.9931717216968536
   97970.0869565217435593     658.0507853046533455       1.0020859139040112
   98571.1304347826080630     658.0508261435559234       1.0013571731979027
   99172.1739130434871186     658.0508720494827912       1.0005945814191364
   99773.2173913043370703     658.0509246342072629       0.9949859920889139
  100374.2608695652161259     658.0509237413516530       0.9988763391738757
  100975.3043478260951815     658.0509803200842498       1.0021697366610169
  101576.3478260869596852     658.0509612987709716       0.9943511709570885
  102177.3913043478241889     658.0510189185588388       0.9986376899760216
  102778.4347826086886926     658.0510449214961000       0.9998234479571693
  103379.4782608695677482     658.0510566447085239       0.9975810393225402
  103980.5217391304322518     658.0511538944030008       0.9983764642383903
  104581.5652173912967555     658.0511667135175458       1.0006532145780511
  105182.6086956521758111     658.0511870564927221       1.0059977225027978
  105783.6521739130403148     658.0511957252965658       1.0019690790213645
  106384.6956521739193704     658.0512566174708127       0.9999623273288307
  106985.7391304347693222     658.0512637420118836       0.9975523210596293
  107586.7826086956483778     658.0512779457571924       0.9960911464877427
  108187.8260869565274334     658.0513120354894454       1.0011478103697300
  108788.8695652173919370     658.0513285989841279       0.9973983082454652
  109389.9130434782709926     658.0513721577797241       0.9991326447925530
  109990.9565217391209444     658.0514029767846296       0.9989851738791913
  110592.0000000000000000     658.0514302453325399       1.0010145329870284
  111193.0434782608645037     658.0514197370464444       1.0005682961200364
  111794.0869565217435593     658.0514771341202049       1.0037673099432141
  112395.1304347826226149     658.0514805280671453       1.0049474262632430
  112996.1739130434725666     658.0514765322280937       1.0030898891855031
  113597.2173913043516222     658.0515200289214590       1.0051914933137596
  114198.2608695652161259     658.0515739821034913       1.0036961485166103
  114799.3043478260951815     658.0515508382370626       1.0004281657747924
  115400.3478260869596852     658.0515671746047701       0.9997848702332703
  116001.3913043478241889     658.0515906784805793       0.9987309875432402
  116602.4347826087032445     658.0516347461700661       0.9957151715643704
  117203.4782608695531962     658.0516616389442106       1.0027053582016379
  117804.5217391304322518     658.0516768511661212       0.9989199548726901
  118405.5652173912967555     658.0516659692201529       1.0000901905659703
  119006.6086956521758111     658.0516783779205525       1.0013685511657968
  119607.6521739130548667     658.0516955945651034       1.0046934969723225
  120208.6956521739048185     658.0517035349137132       1.0044355215504766
  120809.7391304347838741     658.0517535779434866       1.0000866717527970
  121410.7826086956483778     658.0517187759518265       0.9970377613790333
  122011.8260869565274334     658.0517569198924548       1.0015775966458023
  122612.8695652173773851     658.0517667531863708       1.0062937303446233
  123213.9130434782564407     658.0517571750323214       0.9996366263949312
  123814.9565217391354963     658.0517635636571185       1.0035064523108304
  124416.0000000000000000     658.0517951393073872       1.0014698624145240
  125017.0434782608790556     658.0517827920510854       0.9984868040774018
  125618.0869565217290074     658.0517910443451228       0.9998831501579843
  126219.1304347826080630     658.0518041024414515       0.9973604830447584
  126820.1739130434871186     658.0517880963391235       1.0027844416908920
  127421.2173913043516222     658.0517925275897824       0.9992612965288572
  128022.2608695652161259     658.0518018606175019       1.0010209064930677
  128623.3043478260806296     658.0517773557666033       1.0030769088771194
  129224.3478260869596852     658.0517990070605947       1.0052613564766943
  129825.3913043478241889     658.0517953995048401       1.0011843515094370
  130426.4347826086886926     658.0518039841584823       0.9986461651278660
  131027.4782608695677482     658.0518266970113928       0.9952960754744709
  131628.5217391304322518     658.0517802781021146       0.9970707157626748
  132229.5652173912967555     658.0517932186431835       0.9979467061348259
  132830.6086956521612592     658.0518001128333481       0.9958199830725789
  133431.6521739130548667     658.0518438344374772       1.0029718228615820
  134032.6956521739193704     658.0517541372068990       0.9967524141538888
  134633.7391304347838741     658.0517942384133221       0.9976335989776999
  135234.7826086956483778     658.0518041483335310       0.9999698131177865
  135835.8260869565128814     658.0517272075782103       0.9962796615436673
  136436.8695652174064890     658.0517714560203331       0.9981686004903167
  137037.9130434782418888     658.0517316111082664       1.0030595255084336
  137638.9565217391354963     658.0517568826468278       0.9971231075469404
  138240.0000000000000000     658.0517338264520504       1.0029106771107763
  138841.0434782608645037     658.0517084400993326       1.0009741497924551
  139442.0869565217581112     658.0517384495262831       1.0007579590310343
  140043.1304347825935110     658.0516985963281513       0.9987939891871065
  140644.1739130434871186     658.0517199648612632       1.0057706944644451
  141245.2173913043516222     658.0516234921802834       0.9972901695873588
  141846.2608695652161259     658.0516266677275325       1.0017946963198483
  142447.3043478260806296     658.0516455712405559       0.9967030673287809
  143048.3478260869451333     658.0516157033741820       1.0021040488500148
  143649.3913043478387408     658.0516001882344881       1.0005796789191663
  144250.4347826086741406     658.0516158099752602       1.0014285327633843
  144851.4782608695677482     658.0515811874226983       1.0003608272236306
  145452.5217391304322518     658.0515884974488472       1.0007419960456900
  146053.5652173912967555     658.0515050259303962       1.0049677216447890
  146654.6086956521903630     658.0514609899755669       1.0001096366322599
  147255.6521739130257629     658.0515017515356249       0.9955545272678137
  147856.6956521739193704     658.0514750253557850       0.9984720536740497
  148457.7391304347838741     658.0514315053274004       0.9995249402709305
  149058.7826086956483778     658.0514536186431087       1.0051912590861320
  149659.8260869565419853     658.0514155434576651       1.0006399881094694
  150260.8695652173773851     658.0513521668746080       1.0012048287317157
  150861.9130434782709926     658.0513419735386833       0.9990830654860474
  151462.9565217391354963     658.0513173702956919       1.0011748500401154
  152064.0000000000000000     658.0512675273540708       1.0002171930682380
  152665.0434782608645037     658.0512529881506225       1.0012527841608971
  153266.0869565217290074     658.0512247884092858       1.0044618607498705
  153867.1304347826226149     658.0511924944137263       1.0011086949380115
  154468.1739130434871186     658.0511485926225532       0.9930247273296118
  155069.2173913043516222     658.0511064204370086       0.9996248294482939
  155670.2608695652161259     658.0511259780594173       1.0023785394150764
  156271.3043478260806296     658.0511405423179667       1.0060347970575094
  156872.3478260869742371     658.0510306139536851       0.9988311314955354
  157473.3913043478096370     658.0510299978245712       0.9991903781774454
  158074.4347826087032445     658.0509909667869124       1.0036428286693990
  158675.4782608695677482     658.0509839959578358       1.0053816181607544
  159276.5217391304322518     658.0509609345848503       0.9976952532306314
  159877.5652173913258594     658.0508910970812622       1.0024626713711768
  160478.6086956521612592     658.0509144233616325       1.0006965103675611
  161079.6521739130548667     658.0508603244820733       1.0025828764773905
  161680.6956521739193704     658.0508693160049916       0.9982977655017748
  162281.7391304347838741     658.0507780234933080       0.9971881385426968
  162882.7826086956483778     658.0507863042377039       0.9994590471615084
  163483.8260869565128814     658.0507029027535282       0.9978926917538047
  164084.8695652174064890     658.0506655230625483       0.9993120785802603
  164685.9130434782709926     658.0506439846794819       0.9964915821328759
  165286.9565217391354963     658.0506397992110124       1.0013076635077596
  165888.0000000000000000     658.0505665603179750       0.9992999892565422
  166489.0434782608645037     658.0505073513401157       1.0000289239451376
  167090.0869565217290074     658.0504621276512580       0.9972189371474087
  167691.1304347825935110     658.0504420750174859       1.0017610122449696
  168292.1739130434871186     658.0503818553637529       0.9980614188825712
  168893.2173913043516222     658.0503854540557995       0.9939541239291430
  169494.2608695652161259     658.0503598838250809       0.9996894840151072
  170095.3043478260806296     658.0502844003406153       1.0005113878287375
  170696.3478260869451333     658.0502758323937087       1.0019555091857910
  171297.3913043478387408     658.0502867182476621       1.0003394976665732
  171898.4347826087032445     658.0501875027540564       1.0050885947421193
  172499.4782608695677482     658.0501807601792734       1.0056133368052542
  173100.5217391304613557     658.0501547474184463       0.9968299260362983
  173701.5652173912967555     658.0500855661327932       0.9992004106170498
  174302.6086956521612592     658.0500656390424865       1.0018029719358310
  174903.6521739130548667     658.0500234194113318       0.9996606575441547
  175504.6956521739193704     658.0499741342616744       1.0012020572321489
  176105.7391304347838741     658.0499653216917295       1.0044504459947348
  176706.7826086956483778     658.0499181584860935       0.9985553909791633
  177307.8260869565419853     658.0498198094790041       1.0040027201175690
  177908.8695652174064890     658.0498524869162793       0.9959567785263062
  178509.9130434782418888     658.0498172186674992       0.9994321853155270
  179110.9565217391354963     658.0497557861576752       0.9987235005246475
  179712.0000000000000000     658.0497353026753444       1.0022768152412027
  180313.0434782608645037     658.0497056738545325       1.0006457108538598
  180914.0869565217290074     658.0496720878730912       1.0018530200468376
  181515.1304347826226149     658.0496611476936550       0.9981275199679658
  182116.1739130434871186     658.0496251938386649       1.0019757014233619
  182717.2173913043225184     658.0495386110354730       0.9960134215652943
  183318.2608695652452298     658.0495132443210196       0.9994886927306652
  183919.3043478260806296     658.0494852502195045       1.0017367429099977
  184520.3478260869451333     658.0494828349134195       1.0016691605560482
  185121.3913043478096370     658.0494350511597759       1.0009490287629887
  185722.4347826087032445     658.0494016970454823       0.9982657717773691
  186323.4782608695677482     658.0493836177242883       0.9992554135387763
  186924.5217391304322518     658.0493256775687314       1.0006217443733476
  187525.5652173913258594     658.0492887348169688       0.9961898468900472
  188126.6086956521903630     658.0492651216038666       0.9999429012787004
  188727.6521739130257629     658.0491977796842775       0.9963504457846284
  189328.6956521738902666     658.0492233641920166       1.0018015387468040
  189929.7391304347838741     658.0491803570793081       0.9996264660148881
  190530.7826086956483778     658.0491566074973662       1.0023621930740774
  191131.8260869565128814     658.0491498873335559       0.9995009033591487
  191732.8695652174064890     658.0490538679272277       0.9967914340086281
  192333.9130434782709926     658.0490547216751338       0.9949721563607454
  192934.9565217391354963     658.0490314172610624       1.0014121426502243
  193536.0000000000291038     658.0490387157288978       1.0088242841884494
  194137.0434782608645037     658.0489193783678274       1.0020086609292775
  194738.0869565217290074     658.0489324239349571       1.0001818675373215
  195339.1304347825935110     658.0489118284579035       1.0019612223841250
  195940.1739130434871186     658.0489285858716357       1.0019346772460267
  196541.2173913043516222     658.0488821131114037       0.9985934619326144
  197142.2608695652161259     658.0488565231015627       1.0054970332421362
  197743.3043478261097334     658.0488221372283988       1.0012619092594832
  198344.3478260869742371     658.0488101111254764       0.9941263971850276
  198945.3913043478096370     658.0487966208023636       1.0022419439628720
  199546.4347826086741406     658.0487597892416716       1.0020456230267882
  200147.4782608695677482     658.0487618743898111       0.9960505873896182
  200748.5217391304322518     658.0487576054689498       1.0019529212731868
  201349.5652173912967555     658.0486869568362636       0.9973687741439790
  201950.6086956521903630     658.0486834961864133       1.0033285794779658
  202551.6521739130548667     658.0486806779381368       1.0004929109127261
  203152.6956521739193704     658.0486691880979606       1.0015726872952655
  203753.7391304347547702     658.0486249735706679       1.0070899319835007
  204354.7826086956483778     658.0486321762917896       1.0011070624459535
  204955.8260869565128814     658.0486288426959618       0.9986356308218092
  205556.8695652173773851     658.0486092951449564       1.0034844982437789
  206157.9130434782709926     658.0485980398445918       0.9974369450937957
  206758.9565217391354963     658.0485296579616943       0.9998775158892386
  207360.0000000000000000     658.0485280943609041       0.9951175749301910
  207961.0434782608645037     658.0485220721812993       1.0009040735894814
  208562.0869565217581112     658.0485341260682617       0.9971076771616936
  209163.1304347825935110     658.0485086427190708       0.9988417089916766
  209764.1739130434580147     658.0485329561319077       0.9997373479127418
  210365.2173913043516222     658.0484821986741508       0.9961927516851574
  210966.2608695652161259     658.0484811879250628       1.0010418907040730
  211567.3043478260806296     658.0484890157835025       0.9992019022465684
  212168.3478260869742371     658.0484864337332738       1.0049333376809955
  212769.3913043478387408     658.0484886757949425       1.0007177934749052
  213370.4347826087032445     658.0484481199822540       0.9982028485974297
  213971.4782608695386443     658.0484756922456882       0.9988573244772851
  214572.5217391304613557     658.0484621976672770       0.9983956846408546
  215173.5652173912967555     658.0484367328375583       1.0054996018297970
  215774.6086956521612592     658.0484365522895587       1.0041637625545263
  216375.6521739130548667     658.0484781224934068       0.9974725660867989
  216976.6956521739193704     658.0484660577834575       1.0014734865399078
  217577.7391304347838741     658.0484538636128491       1.0004418128519319
  218178.7826086956483778     658.0484714680117122       0.9994960405747406
  218779.8260869565419853     658.0484414352293925       1.0044554593041539
  219380.8695652173773851     658.0484753246411174       0.9985524641815573
  219981.9130434782418888     658.0484734812135912       1.0009020399302244
  220582.9565217391354963     658.0485167884438624       0.9953933893702924
  221184.0000000000000000     658.0484863423823754       0.9991765074664727
  221785.0434782608645037     658.0484516003724593       1.0018900345312431
  222386.0869565217290074     658.0484848673099805       1.0035893733147532
  222987.1304347826226149     658.0485345082431650       1.0031595663167536
  223588.1739130434871186     658.0484985434467262       0.9990402268595062
  224189.2173913043225184     658.0485325000565808       0.9987233453430235
  224790.2608695652452298     658.0485379521501272       1.0043054833076894
  225391.3043478260806296     658.0485951709440542       1.0002727023384068
  225992.3478260869451333     658.0485587332401565       1.0033180864993483
  226593.3913043478096370     658.0485942247061075       1.0021715078037232
  227194.4347826087032445     658.0485920456653730       1.0005097693647258
  227795.4782608695677482     658.0486275858586396       1.0023419358767569
  228396.5217391304322518     658.0485902274358523       1.0013981622178108
  228997.5652173913258594     658.0486108493057600       1.0005843014223501
  229598.6086956521903630     658.0486078658514089       1.0047024609521031
  230199.6521739130257629     658.0486594923891062       0.9938106415793300
  230800.6956521739193704     658.0486966008176068       1.0018137794686481
  231401.7391304347838741     658.0486807442605368       0.9962584280874580
  232002.7826086956483778     658.0487426887004858       1.0029158238321543
  232603.8260869565128814     658.0487224205613757       1.0023049227893353
  233204.8695652174064890     658.0487791596598299       1.0063239643350244
  233805.9130434782709926     658.0487605739397168       0.9992509644362144
  234406.9565217391063925     658.0488092970454090       0.9994112695567310
  235008.0000000000291038     658.0488169620857661       0.9975664843805134
  235609.0434782608645037     658.0488443143120776       1.0046050124801695
  236210.0869565217290074     658.0488246578867120       1.0027038489934057
  236811.1304347825935110     658.0489102483433044       0.9973087965045124
  237412.1739130434871186     658.0489512912619148       1.0038449373096228
  238013.2173913043516222     658.0488874615814439       1.0004085881810170
  238614.2608695652161259     658.0489722120996703       1.0041985367424786
  239215.3043478261097334     658.0489845579489838       0.9970778885763139
  239816.3478260869742371     658.0490181692226770       0.9999915757589406
  240417.3913043478096370     658.0490382424166000       0.9973985340911895
  241018.4347826086741406     658.0490575314498756       1.0012639652704820
  241619.4782608695677482     658.0491294069331616       1.0000106412962850
  242220.5217391304322518     658.0491114686215042       0.9940164973959327
  242821.5652173912967555     658.0491921314511501       1.0055367061868310
  243422.6086956521903630     658.0491738947710019       1.0007690031197853
  244023.6521739130548667     658.0492120081887606       0.9989824190270156
  244624.6956521739193704     658.0492696850209313       1.0004085408581886
  245225.7391304347547702     658.0493043497385770       0.9979482390917838
  245826.7826086956483778     658.0493825936064241       1.0009324825950898
  246427.8260869565128814     658.0493654478012786       0.9991821914445609
  247028.8695652173773851     658.0493982605171368       0.9990245766821317
  247629.9130434782709926     658.0493919830789764       1.0016533426241949
  248230.9565217391354963     658.0494889585445435       1.0055628269910812
  248832.0000000000000000     658.0494608952114959       1.0022474757861346
  249433.0434782608936075     658.0494697993265163       0.9980454077012837
  250034.0869565217581112     658.0495581758819981       1.0005772198783234
  250635.1304347825935110     658.0495732093111201       0.9997458811558317
  251236.1739130434580147     658.0496430179086929       0.9993762436788529
  251837.2173913043516222     658.0496348278254573       1.0009465255425312
  252438.2608695652161259     658.0497381426430366       0.9985742041608319
  253039.3043478260806296     658.0497470000692601       1.0007785304915160
  253640.3478260869742371     658.0497522942368960       0.9991685199202038
  254241.3913043478387408     658.0498116704216045       1.0000488502955704
  254842.4347826087032445     658.0498419193810378       1.0004278892010916
  255443.4782608695386443     658.0498495595161330       0.9923297715989040
  256044.5217391304322518     658.0498946638559801       0.9877013204381123
  256645.5652173912967555     658.0499670179061695       0.9842180892242373
  257246.6086956521612592     658.0499770300586988       0.9892134117776782
  257847.6521739130548667     658.0500308051482534       0.9874514456255615
  258448.6956521739193704     658.0500651538960710       0.9834413955336690
  259049.7391304347838741     658.0501024882215688       0.9808039605500430
  259650.7826086956483778     658.0501541315583154       0.9854596683522009
  260251.8260869565419853     658.0501499530253113       0.9915343593688936
  260852.8695652173773851     658.0501675614129908       0.9805982346529395
  261453.9130434782418888     658.0501981448036304       0.9871086279977367
  262054.9565217391354963     658.0502898278058410       0.9847090170601637
  262656.0000000000000000     658.0503108881825938       0.9836932812700302
  263257.0434782608645037     658.0503567036802224       0.9813796631874770
  263858.0869565217872150     658.0503727556491640       0.9997321570374241
  264459.1304347825935110     658.0504144311638584       0.9941190626360477
  265060.1739130434580147     658.0504361978926227       0.9977966828737408
  265661.2173913043225184     658.0504892462886346       0.9948854362592101
  266262.2608695652452298     658.0505306312468292       1.0018615130102262
  266863.3043478261097334     658.0505750621147172       1.0097530242055655
  267464.3478260869742371     658.0505889978140885       1.0027382383123040
  268065.3913043478387408     658.0506139161290093       1.0003984946815763
  268666.4347826087032445     658.0506420244205401       0.9983953566988930
  269267.4782608695677482     658.0507057789787950       1.0064241858199239
  269868.5217391304322518     658.0507559746021116       0.9989257770357653
  270469.5652173912967555     658.0507891172504742       0.9990939712733962
  271070.6086956521612592     658.0508186574022602       1.0040930439718068
  271671.6521739130257629     658.0508314713697473       0.9973993010353297
  272272.6956521739484742     658.0508722431279693       1.0031379063148052
  272873.7391304348129779     658.0509208297598889       0.9979934561997652
  273474.7826086956192739     658.0509226269898591       0.9962039815727621
  274075.8260869564837776     658.0509432850817575       0.9987864539725706
  274676.8695652174064890     658.0509857692308060       0.9931695596314967
  275277.9130434782709926     658.0510280457126555       0.9992883464437909
  275878.9565217391354963     658.0510646683011373       1.0033907336182892
  276480.0000000000000000     658.0510742956456625       1.0036874448414892
  277081.0434782608645037     658.0511083221873605       1.0008652934338897
  277682.0869565217290074     658.0511550280267556       0.9982497852761298
  278283.1304347825935110     658.0512077347514150       1.0026213650126010
  278884.1739130435162224     658.0512206761261496       1.0036815011408180
  279485.2173913043225184     658.0512436185811111       1.0030851487535983
  280086.2608695651870221     658.0513215438329553       1.0013435030123219
  280687.3043478261097334     658.0512468503467289       0.9954526247456670
  281288.3478260869742371     658.0513248305926481       1.0000727007063688
  281889.3913043478387408     658.0513734747562467       0.9987550072837621
  282490.4347826087032445     658.0513751570849763       1.0003711335011758
  283091.4782608695677482     658.0513735077228148       1.0024075622204691
  283692.5217391304322518     658.0514126603848126       0.9942684764973819
  284293.5652173912967555     658.0513877657517696       1.0037372324150056
  284894.6086956521612592     658.0514430966618420       1.0013276506215334
  285495.6521739130257629     658.0514920743523817       0.9996589884685818
  286096.6956521738902666     658.0514785437012506       1.0015251083532348
  286697.7391304348129779     658.0515584696890983       0.9981648495886475
  287298.7826086956774816     658.0515750121421661       0.9984474760713056
  287899.8260869565419853     658.0515735484290190       1.0050619901157916
  288500.8695652173482813     658.0515800181441364       1.0022426180075854
  289101.9130434782709926     658.0515595335574517       1.0028752577491105
  289702.9565217391354963     658.0515742038251119       1.0024657796602696
  290304.0000000000000000     658.0516765125275924       1.0027122066821903
  290905.0434782608645037     658.0516270879423928       0.9995188249740750
  291506.0869565217290074     658.0516911228367007       0.9947162163443863
  292107.1304347825935110     658.0517228276670494       1.0031318073160946
  292708.1739130434580147     658.0516732206602910       1.0064452723599970
  293309.2173913043807261     658.0517340629029377       1.0022861945908517
  293910.2608695652452298     658.0517217376578856       0.9987412010086700
  294511.3043478260515258     658.0517765428883195       0.9974314186256379
  295112.3478260869742371     658.0517850721827244       1.0017712544649839
  295713.3913043478387408     658.0517433620591419       1.0039048250764608
  296314.4347826087032445     658.0517874352548233       0.9963149859104306
  296915.4782608695677482     658.0517872248371987       1.0039659617468715
  297516.5217391304322518     658.0517664318575726       0.9999521672762057
  298117.5652173912967555     658.0518258048085727       1.0001627185702091
  298718.6086956521612592     658.0517957328959255       1.0048257145099342
  299319.6521739130839705     658.0517858433752281       1.0033775013871491
  299920.6956521738902666     658.0517626672764209       1.0029252369422466
  300521.7391304347547702     658.0517970162799202       1.0002120551798726
  301122.7826086956774816     658.0518126565641523       1.0035176563542336
  301723.8260869565419853     658.0518032601983123       0.9932451453059912
  302324.8695652174064890     658.0518115397886731       0.9987553413957357
  302925.9130434782709926     658.0517867278946369       0.9986380873015150
  303526.9565217391354963     658.0518028570279512       1.0019399400334805
  304128.0000000000000000     658.0518040058346969       1.0006200445932336
  304729.0434782608645037     658.0518150058134097       1.0031444644555449
  305330.0869565217290074     658.0518449104278034       0.9959777193143964
  305931.1304347825935110     658.0518060442265096       1.0043145474046469
  306532.1739130434580147     658.0517875307310760       0.9961875327862799
  307133.2173913043225184     658.0517982425292303       1.0007837844896130
  307734.2608695652452298     658.0517691019110771       0.9961288366466761
  308335.3043478261097334     658.0517719348574701       0.9995284836040810
  308936.3478260869742371     658.0518062174102170       0.9992486914270557
  309537.3913043478387408     658.0517981994930778       0.9959248271770775
  310138.4347826087032445     658.0517754168420197       1.0002438311494188
  310739.4782608695677482     658.0517303464980614       1.0038187862373888
  311340.5217391304322518     658.0517540486520147       1.0000938511948334
  311941.5652173912967555     658.0517319174828117       1.0060993591323495
  312542.6086956521612592     658.0517113635249871       0.9964409100357443
  313143.6521739130257629     658.0516894733133313       0.9999128389899852
  313744.6956521739484742     658.0516702755663800       0.9961433238349855
  314345.7391304348129779     658.0516892286942721       0.9988870183005929
  314946.7826086956192739     658.0516217962464225       0.9973496606107801
  315547.8260869564837776     658.0516598491984723       1.0023058007936925
  316148.8695652174064890     658.0516447622317173       1.0021354763302952
  316749.9130434782709926     658.0516093751692779       0.9984110591467470
  317350.9565217391354963     658.0516011165001373       0.9991215128102340
  317952.0000000000000000     658.0516013451136814       1.0015432609943673
  318553.0434782608645037     658.0515230543223879       0.9959178757853806
  319154.0869565217290074     658.0515307385471715       0.9962887880392373
  319755.1304347826517187     658.0514607523737141       1.0058457120321691
  320356.1739130434580147     658.0514710435771804       1.0000860839281813
  320957.2173913043225184     658.0514832622511676       1.0005328747211024
  321558.2608695651870221     658.0514317928048058       1.0050782873295248
  322159.3043478261097334     658.0514107127144143       1.0018841252895072
  322760.3478260869742371     658.0514282391386587       1.0045997756533325
  323361.3913043478387408     658.0514034059428923       0.9991253472981043
  323962.4347826087032445     658.0513552361605889       1.0028059226460755
  324563.4782608695677482     658.0512859701939306       1.0019130918662995
  325164.5217391304322518     658.0513119629989660       1.0022054584696889
  325765.5652173912967555     658.0512707030725323       1.0033730485010892
  326366.6086956521612592     658.0512331251491105       0.9961261658463627
  326967.6521739130257629     658.0512030904369567       1.0008485935395584
  327568.6956521738902666     658.0511720159632887       1.0020637651905417
  328169.7391304348129779     658.0511212707272080       1.0009139617322944
  328770.7826086956774816     658.0511176640934536       0.9999895435967119
  329371.8260869565419853     658.0510887965708662       0.9971878693904728
  329972.8695652173482813     658.0510252146334551       0.9933238564990461
  330573.9130434782709926     658.0510372354706305       1.0102106053382158
  331174.9565217391354963     658.0510327441860454       1.0008303512004204
  331776.0000000000000000     658.0509477852381224       0.9970583033282310
  332377.0434782608645037     658.0509574528208532       1.0037878430448472
  332978.0869565217290074     658.0509282402123290       1.0016652694903314
  333579.1304347825935110     658.0508648206648559       0.9981492321239784
  334180.1739130434580147     658.0508766663939468       1.0015365587314591
  334781.2173913043807261     658.0508059172758522       0.9973877433221787
  335382.2608695651870221     658.0508098153879928       1.0001082777744159
  335983.3043478260515258     658.0507647852847413       0.9999971710899445
  336584.3478260869742371     658.0507231420795051       0.9983978427480906
  337185.3913043478387408     658.0506824849688883       1.0011626577470452
  337786.4347826087032445     658.0506231688008256       0.9931373922154307
  338387.4782608695677482     658.0506089761197472       0.9969927098136395
  338988.5217391304322518     658.0505696043899206       0.9974405341781676
  339589.5652173912967555     658.0505442845847028       1.0001928175042849
  340190.6086956521612592     658.0505000896087040       0.9957904801703990
  340791.6521739130839705     658.0504355464111086       1.0002779496426228
  341392.6956521738902666     658.0504146469960460       0.9966566178482026
  341993.7391304347547702     658.0503820631981853       0.9997680772503372
  342594.7826086956774816     658.0503419425180027       0.9963844262529165
  343195.8260869565419853     658.0503433649877252       1.0006144574726932
  343796.8695652174064890     658.0503157257176099       1.0030543233733624
  344397.9130434782709926     658.0502483925258730       1.0006705041159876
  344998.9565217391354963     658.0502181386690381       1.0031194528564811
  345600.0000000000000000     658.0501820797527444       1.0051046577282250
